CHR	pos	chr	genetic
I	388131	1	388131
I	408301	1	388131.259639863
I	447250	1	388131.259639913
I	481373	1	388131.547656103
I	482889	1	388131.547656153
I	486146	1	388131.61459698
I	693196	1	388131.61459703
I	745089	1	388131.61459708
I	772143	1	388131.61459713
I	773114	1	388131.61459718
I	781065	1	388131.61459723
I	787132	1	388131.692715634
I	812059	1	388131.997441999
I	812985	1	388132.297912366
I	835209	1	388132.601487153
I	835937	1	388132.601487203
I	873186	1	388132.601487253
I	879703	1	388132.601487303
I	886279	1	388132.601487353
I	886858	1	388132.601487403
I	908637	1	388132.601487453
I	928558	1	388132.601487503
I	996489	1	388133.114312784
I	998174	1	388133.114312834
I	1013640	1	388133.114312884
I	1041451	1	388133.627138165
I	1048848	1	388133.627138215
I	1177473	1	388133.627138265
I	1186475	1	388133.627138315
I	1214736	1	388133.627138365
I	1238709	1	388134.671681092
I	1257493	1	388135.18188703
I	1284278	1	388135.694765311
I	1390228	1	388136.207643449
I	1405102	1	388136.720521586
I	1449934	1	388137.233413145
I	1468970	1	388137.74625144
I	1471035	1	388137.74625149
I	1487556	1	388137.74625154
I	1601168	1	388138.259103256
I	1639252	1	388138.771954971
I	1652424	1	388138.771955021
I	1660262	1	388138.771955071
I	1696507	1	388139.284793366
I	1700507	1	388139.79768507
I	1763070	1	388140.307863308
I	1774127	1	388141.355302894
I	1811194	1	388141.865481133
I	1817916	1	388142.378359357
I	1830371	1	388142.892312909
I	1855809	1	388143.193859684
I	1874721	1	388143.708222414
I	1878880	1	388144.010218578
I	1884842	1	388144.010218628
I	1888072	1	388144.522482317
I	1889555	1	388145.034701791
I	1893224	1	388145.034701841
I	1900888	1	388145.034701891
I	1904303	1	388145.034701941
I	1942356	1	388145.034701991
I	1965365	1	388146.079244858
I	1983747	1	388146.589450795
I	2009211	1	388147.102329091
I	2011911	1	388147.615217477
I	2023573	1	388148.128055788
I	2045556	1	388148.128055838
I	2047527	1	388148.128055888
I	2051903	1	388148.640891026
I	2062822	1	388149.153782542
I	2074239	1	388149.667781878
I	2074240	1	388149.962938075
I	2091875	1	388149.962938125
I	2103993	1	388150.259197091
I	2116732	1	388150.259197141
I	2128535	1	388150.259197191
I	2169385	1	388150.259197241
I	2220902	1	388150.259197291
I	2271718	1	388150.773094565
I	2272201	1	388151.078885971
I	2277239	1	388151.38298033
I	2283663	1	388151.690878949
I	2286052	1	388151.784931654
I	2307100	1	388151.784931704
I	2308137	1	388152.087191112
I	2310806	1	388152.087191162
I	2316769	1	388152.087191212
I	2318515	1	388152.598003891
I	2320752	1	388153.110862771
I	2324912	1	388153.110862821
I	2342001	1	388153.110862871
I	2398443	1	388153.623684863
I	2423685	1	388153.623684913
I	2438212	1	388153.623684963
I	2446955	1	388153.623685013
I	2452499	1	388153.623685063
I	2457174	1	388154.136510137
I	2469932	1	388154.136510187
I	2474236	1	388154.136510237
I	2478539	1	388154.136510287
I	2484669	1	388154.136510337
I	2488858	1	388154.136510387
I	2500158	1	388154.136510437
I	2508161	1	388154.136510487
I	2527395	1	388154.136510537
I	2543431	1	388154.648760424
I	2543511	1	388154.648760474
I	2545331	1	388155.161613694
I	2560333	1	388155.613974074
I	2563188	1	388155.917050274
I	2565883	1	388156.840110952
I	2567710	1	388157.143180739
I	2589698	1	388157.596179364
I	2590124	1	388158.108355736
I	2597658	1	388158.108355786
I	2603141	1	388158.108355836
I	2621188	1	388158.620578679
I	2626903	1	388159.132784718
I	2629777	1	388159.132784768
I	2649378	1	388159.132784818
I	2658882	1	388159.132784868
I	2663361	1	388159.132784918
I	2672199	1	388159.644990582
I	2680669	1	388160.158961171
I	2681318	1	388160.460425733
I	2689417	1	388160.975418474
I	2704727	1	388161.277932726
I	2714521	1	388161.277932776
I	2718921	1	388161.277932826
I	2720071	1	388161.277932876
I	2724843	1	388161.277932926
I	2728135	1	388161.578602681
I	2731816	1	388161.884959893
I	2745889	1	388161.978904247
I	2770018	1	388161.978904297
I	2774518	1	388162.284485041
I	2930880	1	388162.589769118
I	2937883	1	388163.103669096
I	2948286	1	388163.103669146
I	2988446	1	388163.103669196
I	2989079	1	388163.616534116
I	3031856	1	388164.129385487
I	3042797	1	388164.129385537
I	3080525	1	388164.129385587
I	3083789	1	388164.129385637
I	3114767	1	388164.129385687
I	3159931	1	388164.643314723
I	3161799	1	388164.941788334
I	3175316	1	388165.458338599
I	3256573	1	388165.458341587
I	3273287	1	388165.458341637
I	3276736	1	388165.458341687
I	3304928	1	388165.458341737
I	3359892	1	388165.540994777
I	3387982	1	388166.057151756
I	3397935	1	388166.35296067
I	3418161	1	388166.35296072
I	4518191	1	388166.35296077
I	4524715	1	388166.35296082
I	4547853	1	388166.35296087
I	4741249	1	388166.865785945
I	5168257	1	388166.865785995
I	5170292	1	388166.865786045
I	6084936	1	388166.865786095
I	6086489	1	388166.865786145
I	6087501	1	388166.865786195
I	6088595	1	388166.865786245
I	6460220	1	388166.865786295
I	6460919	1	388166.865786345
I	7475965	1	388166.865786395
I	8161229	1	388167.378611514
I	8596895	1	388167.378611564
I	10367501	1	388167.892241555
I	10441368	1	388167.892241605
I	10734365	1	388169.480592176
I	10740549	1	388169.480592226
I	10793419	1	388169.480592276
I	10799818	1	388169.480592326
I	10885969	1	388169.480592376
I	10885970	1	388169.776870279
I	10889371	1	388169.776870329
I	10975081	1	388170.073155977
I	10979908	1	388170.369546019
I	10984894	1	388170.369546069
I	11069508	1	388170.665300308
I	11070812	1	388170.665300358
I	11071761	1	388170.665300408
I	11072403	1	388171.176874689
I	11073890	1	388171.68916941
I	11074535	1	388172.199244713
I	11075815	1	388172.712475066
I	11083960	1	388173.034476122
I	11095723	1	388173.558865603
I	11098118	1	388173.87539401
I	11102360	1	388173.87539406
I	11382464	1	388174.380051993
I	11460182	1	388176.545822651
I	11544368	1	388177.516622292
I	11546369	1	388178.027466065
I	11637287	1	388178.474289362
I	11643241	1	388178.987503142
I	11718811	1	388179.500381262
I	11854321	1	388180.0132594
I	11892602	1	388180.526137537
I	11976940	1	388181.039029098
I	12114811	1	388181.551867116
I	12121759	1	388181.551867166
I	12132787	1	388181.551867216
I	12140780	1	388181.551867266
I	12177001	1	388181.551867316
I	12249326	1	388182.064705333
I	12292455	1	388182.577596895
I	12309812	1	388183.090475032
I	12346743	1	388183.603353169
I	12351886	1	388184.116244729
I	12410560	1	388184.629083024
I	12411707	1	388184.629083074
I	12421701	1	388184.629083124
I	12444337	1	388185.141934839
I	12480346	1	388185.654786554
I	12482644	1	388185.654786604
I	12554690	1	388185.654786654
I	12596736	1	388186.167624909
I	12603890	1	388186.681572452
I	12603917	1	388186.986310467
I	12604328	1	388187.50063367
I	12604455	1	388187.80537164
I	12606111	1	388188.319308823
I	12622067	1	388188.831557873
I	12632850	1	388189.344452627
I	12697278	1	388189.857290921
I	12698908	1	388189.857290971
I	12727897	1	388189.857291021
I	12792804	1	388190.370116577
I	12796203	1	388190.370116627
I	12822476	1	388190.370116677
I	12827866	1	388190.884030844
I	12840544	1	388191.185474733
I	12844641	1	388191.701998913
I	12873260	1	388191.701998963
I	12882388	1	388191.701999013
I	12920015	1	388191.701999063
I	12959222	1	388191.701999113
I	12968922	1	388192.001249508
I	12970958	1	388192.515227868
I	13002473	1	388193.028112248
I	13032419	1	388193.539723592
I	13056347	1	388194.049908132
I	13122792	1	388195.097372135
I	13173972	1	388195.605339234
I	13261575	1	388195.605339284
I	13288165	1	388195.605339334
I	13290892	1	388195.907013488
I	13294061	1	388195.907013538
I	13320623	1	388196.206089337
I	13320818	1	388196.72006868
I	13320972	1	388197.233279162
I	13321281	1	388197.68011924
I	13322357	1	388198.190333085
I	13322634	1	388199.170669423
I	13330418	1	388199.469765506
I	13331124	1	388199.984113409
I	13350920	1	388200.286599841
I	13362517	1	388200.286599891
I	13372498	1	388200.286599941
I	13374285	1	388200.7994513
I	13378758	1	388201.312342793
I	13460670	1	388201.825217734
I	13463013	1	388202.338095888
I	13467890	1	388202.850974026
I	13483062	1	388203.363852164
I	13513344	1	388203.876730285
I	13519947	1	388204.389621845
I	13556032	1	388204.90246014
I	13557252	1	388204.90246019
I	13599248	1	388204.90246024
I	13623148	1	388205.415298535
I	13660490	1	388205.928190095
I	13739770	1	388206.441068232
I	13747304	1	388206.953946494
I	13825900	1	388207.464493941
I	13826497	1	388208.441083056
I	13828748	1	388208.441083106
I	13926061	1	388209.415203648
I	13934534	1	388209.415203698
I	13945632	1	388209.415203748
I	13955824	1	388209.928055651
I	13962802	1	388210.440907087
I	13964891	1	388210.440907137
I	13978539	1	388210.440907187
I	13994552	1	388210.440907237
I	14001365	1	388210.440907287
I	14003000	1	388210.953745449
I	14034889	1	388211.46393711
I	14141722	1	388212.511376696
I	14205773	1	388213.021554934
I	14304620	1	388213.534433216
I	14356826	1	388214.047311354
I	14425936	1	388214.560189492
I	14458266	1	388215.073067629
I	14620364	1	388215.585959191
I	14666197	1	388216.098797208
I	14669849	1	388216.098797258
I	14719705	1	388216.098797308
I	14723437	1	388216.098797358
I	14817762	1	388216.098797408
I	14969701	1	388216.611622419
I	14972886	1	388216.611622469
I	15092362	1	388216.611622519
I	15505755	1	388216.611622569
I	15509505	1	388216.871256583
II	566445	2	11400.3274565688
II	596706	2	11400.5871168787
II	648200	2	11401.0999685958
II	649257	2	11401.0999686458
II	747075	2	11401.0999686958
II	864459	2	11401.6128071335
II	895711	2	11402.1230257764
II	939575	2	11403.1676977953
II	1020483	2	11403.1676978453
II	1023349	2	11403.6806472628
II	1037166	2	11404.1934983481
II	1038195	2	11404.1934983981
II	1180337	2	11404.1934984481
II	1264584	2	11404.7040094805
II	1293589	2	11405.6799941797
II	1296554	2	11405.6799942297
II	1358633	2	11406.1264005351
II	1369647	2	11406.6396445273
II	1374036	2	11406.6396445773
II	1434019	2	11406.6396446273
II	1434086	2	11406.6396446773
II	1533667	2	11407.1470816954
II	2249065	2	11408.7436166299
II	2369899	2	11409.7854808582
II	2381607	2	11410.2956596971
II	2458452	2	11410.808551401
II	2507200	2	11411.3213896959
II	2508122	2	11411.3213897459
II	2588428	2	11411.3213897959
II	2673389	2	11411.8342280909
II	2719844	2	11412.3471196506
II	2834289	2	11412.8599977878
II	2976845	2	11413.3728760678
II	3219941	2	11413.8833900912
II	3220328	2	11414.863405947
II	3220642	2	11415.3715486453
II	3409283	2	11416.3515645011
II	3958023	2	11416.8620785276
II	4106267	2	11417.3748996733
II	4172909	2	11417.8989743063
II	4297372	2	11418.4203476879
II	4868879	2	11419.4677426075
II	4924682	2	11419.9778810245
II	4933529	2	11419.9778810746
II	4934624	2	11419.9778811245
II	4935704	2	11419.9778811745
II	4935767	2	11419.9778812245
II	5109111	2	11419.9778812745
II	5231409	2	11420.4907192834
II	5505835	2	11421.0036107851
II	7268612	2	11421.5176095375
II	7270956	2	11421.8128800507
II	7271094	2	11421.8128801007
II	8103197	2	11422.1092526493
II	8103469	2	11422.1092526993
II	8107876	2	11422.1092527493
II	8108083	2	11422.1092527993
II	9443230	2	11423.1537955327
II	10157747	2	11423.6640014865
II	10263444	2	11424.1768766105
II	10519513	2	11424.6897547638
II	10564483	2	11425.202632901
II	11082740	2	11425.7155110937
II	11237438	2	11426.2283782601
II	11290729	2	11426.7423570202
II	11292943	2	11427.0415580909
II	11293176	2	11427.0415581409
II	11628639	2	11427.3407668292
II	11738428	2	11427.8547589206
II	11842801	2	11428.3675968791
II	11843051	2	11428.3675969291
II	11862748	2	11428.3675969791
II	11865782	2	11428.3675970291
II	11882803	2	11428.3675970791
II	12096010	2	11428.8804223611
II	12098763	2	11428.8804224111
II	12189090	2	11428.8804224611
II	12304538	2	11429.3932741772
II	12551171	2	11429.9061256148
II	12562034	2	11429.9061256648
II	12637785	2	11429.9061257148
II	12644109	2	11429.9061257648
II	12768774	2	11429.9061258148
II	12776806	2	11429.9061258648
II	12945866	2	11429.9061259148
II	12947235	2	11429.9061259648
II	13083593	2	11429.9061260148
II	13115387	2	11430.2096542346
II	13115492	2	11430.5164808663
II	13115690	2	11430.8199943241
II	13203789	2	11431.1257751802
II	13405486	2	11431.6396859128
II	13408780	2	11431.6396859628
II	13415785	2	11431.6396860128
II	13422912	2	11431.6396860628
II	13435785	2	11431.6396861128
II	13457163	2	11432.1536265454
II	13466934	2	11432.4525167144
II	13485375	2	11432.4525167644
II	13489525	2	11432.4525168144
II	13513434	2	11432.4525168644
II	13542930	2	11432.4525169144
II	13545303	2	11432.4525169644
II	13573751	2	11432.4525170144
II	13577868	2	11432.4525170644
II	13589798	2	11432.7461885123
II	13601835	2	11433.2602635284
II	13608536	2	11433.2602635784
II	13645530	2	11433.2602636284
II	13646696	2	11433.2602636784
II	13649194	2	11433.7758251795
II	13680422	2	11433.7758252295
II	13715544	2	11433.7758252795
II	13732464	2	11433.7758253295
II	13753449	2	11433.7758253795
II	13772514	2	11433.7758254295
II	13778283	2	11434.2913869337
II	13782942	2	11434.2913869837
II	13792863	2	11434.2913870337
II	13805516	2	11434.2913870837
II	13822901	2	11434.2913871337
II	13861750	2	11434.2913871837
II	13863109	2	11434.2913872337
II	13870844	2	11434.8042392853
II	13899979	2	11435.3182066517
II	13901658	2	11435.6196593845
II	13918628	2	11436.1346554376
II	13951718	2	11436.4365316332
II	13952710	2	11436.4365316832
II	13971565	2	11436.4365317332
II	13997906	2	11436.4365317832
II	14068694	2	11436.4365318332
II	14076431	2	11436.7348997251
II	14089249	2	11437.2499386828
II	14126537	2	11437.548936001
II	14136022	2	11437.548936051
II	14136350	2	11437.548936101
II	14154190	2	11437.548936151
II	14181389	2	11437.548936201
II	14218918	2	11438.5906411208
II	14221910	2	11438.5906411708
II	14222413	2	11438.5906412207
II	14222895	2	11438.8941867269
II	14222968	2	11439.197740564
II	14224935	2	11439.5012952117
II	14230660	2	11439.804839684
II	14232178	2	11439.804839734
II	14237689	2	11439.804839784
II	14266206	2	11439.804839834
II	14293182	2	11439.804839884
II	14299276	2	11439.804839934
II	14299581	2	11439.804839984
II	14313281	2	11440.3176946482
II	14320707	2	11440.829910906
II	14322813	2	11440.829910956
II	14338485	2	11440.829911006
II	14343778	2	11441.3421014522
II	14348754	2	11441.3421015022
II	14369367	2	11441.3421015522
II	14373750	2	11442.386322367
II	14374218	2	11442.8965266674
II	14380343	2	11443.4094199084
II	14380943	2	11443.9219455147
II	14383239	2	11443.9219455647
II	14390299	2	11443.9219456147
II	14391979	2	11443.9219456647
II	14439276	2	11443.9219457147
II	14441863	2	11444.4347847369
II	14447997	2	11444.9288487213
II	14449234	2	11445.2219893445
II	14449740	2	11448.5562916078
II	14450148	2	11448.8462025032
II	14452587	2	11449.9826394084
II	14455944	2	11451.128273028
II	14469732	2	11451.429807666
II	14476034	2	11451.9441311369
II	14477246	2	11452.2498926454
II	14479368	2	11452.5556604979
II	14489880	2	11453.0699838898
II	14489971	2	11453.3720238661
II	14545275	2	11454.4205455982
II	14551456	2	11454.9317829441
II	14552966	2	11455.2375504912
II	14555854	2	11455.5410644068
II	14557081	2	11455.8478876646
II	14577675	2	11456.1514164734
II	14592053	2	11456.1514165234
II	14646517	2	11456.1514165734
II	14656741	2	11456.6642354139
II	14794089	2	11456.6642354639
II	14794090	2	11456.6642355139
II	14797356	2	11456.6642355639
II	14840354	2	11457.1771039002
II	14843019	2	11457.1771039502
II	14862079	2	11457.6900211101
II	14894913	2	11457.6900211601
II	14896372	2	11457.9904119845
II	14896556	2	11458.9724439417
II	14902282	2	11459.2694059243
II	14908920	2	11460.2477779375
II	14927668	2	11461.289909632
II	14930594	2	11461.289909682
II	14965776	2	11461.289909732
II	14972597	2	11461.5934389865
II	14978333	2	11461.900265441
II	14981361	2	11462.2037797049
II	15004179	2	11462.5095471607
II	15025067	2	11463.0234948293
II	15040270	2	11463.536332872
II	15126192	2	11463.536332922
II	15138342	2	11463.536332972
II	15139275	2	11463.536333022
II	15140368	2	11463.536333072
II	15151211	2	11464.0502878346
II	15154221	2	11464.3456747148
II	15155006	2	11464.3456747648
II	15172051	2	11464.6421753957
II	15182081	2	11464.6421754457
II	15313965	2	11465.1547240023
II	15314153	2	11465.1547240523
II	15337682	2	11465.1547241023
II	15362687	2	11466.1962329221
II	15376726	2	11466.1962329721
II	15407251	2	11466.7091545763
II	15413157	2	11466.7091546263
II	15419013	2	11466.7091546763
II	15426071	2	11466.7091547263
II	15468795	2	11466.7091547763
II	15492684	2	11467.2219940186
II	15544281	2	11467.2219940686
II	15589179	2	11467.2219941186
II	15594418	2	11467.2219941686
II	15617786	2	11467.2219942186
II	15622868	2	11467.2219942686
II	15658563	2	11467.2219943186
II	15667949	2	11467.2219943686
II	15680968	2	11467.2219944186
II	15681643	2	11467.2219944686
II	15704876	2	11467.2219945186
II	15740107	2	11467.7359539993
II	15750341	2	11468.0311094514
II	15758438	2	11468.0311095014
II	15796785	2	11468.0311095514
II	15797620	2	11468.0311096014
II	15813585	2	11468.0311096514
II	15819727	2	11468.0311097014
II	15829700	2	11468.0311097514
II	15835263	2	11468.0311098014
II	15880573	2	11468.0311098514
II	15883246	2	11468.0311099014
II	15905353	2	11468.0311099514
II	15909536	2	11468.0311100014
II	15918261	2	11468.0311100514
II	15921250	2	11468.0311101014
II	15962263	2	11468.0311101514
II	15976075	2	11468.0311102014
II	15996633	2	11468.0311102514
II	16001513	2	11468.0311103014
II	16058057	2	11468.0311103514
II	16059661	2	11468.0311104014
II	16105861	2	11468.3273678422
II	16107197	2	11468.3273678922
II	16120453	2	11468.3273679422
II	16128711	2	11468.3273679922
II	16159908	2	11468.3273680422
II	16259525	2	11468.8402195475
II	16282543	2	11469.3530711752
II	16299504	2	11469.3530712252
II	16444730	2	11469.3530712752
II	16451946	2	11469.6494431102
II	16454709	2	11469.6494431602
II	16566442	2	11469.9447261314
II	16571409	2	11470.2054880193
III	627126	3	627126
III	627645	3	627126.00000005
III	716441	3	627126.0000001
III	921457	3	627126.512912643
III	983903	3	627127.025803794
III	1046902	3	627127.538681931
III	1062222	3	627128.051560066
III	1112349	3	627128.567042113
III	1160417	3	627128.56704217
III	1167459	3	627128.56704222
III	1310459	3	627129.077236565
III	1348762	3	627129.590158184
III	1349561	3	627130.102364232
III	1352760	3	627130.102364282
III	1353182	3	627130.102364332
III	1365585	3	627130.614570381
III	1407559	3	627131.127478573
III	1531566	3	627131.640316868
III	1534560	3	627131.640316917
III	1567598	3	627131.640316968
III	1627975	3	627132.153155262
III	1645958	3	627132.666046822
III	1836246	3	627133.178924959
III	1884820	3	627133.691803097
III	1935798	3	627134.204694658
III	1985755	3	627134.717532675
III	1986247	3	627134.717532725
III	2017002	3	627134.717532775
III	2020243	3	627134.717532825
III	2021742	3	627134.717532875
III	2031404	3	627134.717532925
III	2041457	3	627134.717532975
III	2074216	3	627134.717533025
III	2076996	3	627134.717533075
III	2085093	3	627134.717533125
III	2085954	3	627134.717533175
III	2105799	3	627134.717533225
III	2110353	3	627135.230371243
III	2152789	3	627135.743262747
III	2168232	3	627136.2572167
III	2183208	3	627136.558681265
III	2188579	3	627137.073674006
III	2223078	3	627137.376188274
III	2224595	3	627137.376188324
III	2236691	3	627137.376188374
III	2241496	3	627137.376188424
III	2241663	3	627137.376188474
III	2246113	3	627137.376188524
III	2308850	3	627137.376188574
III	2311986	3	627137.376188624
III	2332365	3	627137.376188674
III	2372733	3	627137.376188724
III	2383587	3	627137.376188774
III	2393074	3	627137.376188824
III	2427266	3	627137.376188874
III	2471274	3	627137.376188924
III	2477667	3	627137.672675528
III	2479914	3	627137.672675578
III	2499149	3	627137.968063961
III	2500557	3	627138.481436499
III	2501874	3	627138.993658779
III	2513101	3	627138.993658829
III	2516275	3	627138.993658879
III	2521457	3	627139.505881218
III	2524624	3	627140.01814711
III	2526391	3	627140.530988389
III	2549448	3	627140.530988439
III	2593799	3	627140.530988489
III	2594610	3	627140.530988539
III	2614472	3	627140.530988589
III	2617400	3	627140.530988639
III	2622842	3	627141.043826724
III	2661883	3	627141.556718284
III	2677604	3	627142.069609843
III	2703514	3	627142.582448138
III	2741621	3	627142.582448188
III	2748099	3	627142.582448238
III	2836561	3	627143.096362407
III	2844505	3	627143.397806173
III	2848172	3	627143.914330315
III	2848173	3	627143.914330365
III	2901574	3	627143.914330415
III	2919020	3	627144.213565199
III	2931251	3	627144.7275433
III	2962749	3	627145.243077621
III	2965167	3	627145.243077671
III	2971077	3	627145.757059084
III	2971442	3	627146.058514879
III	2976690	3	627146.573484074
III	2984388	3	627146.878188275
III	2989907	3	627147.392085609
III	3002631	3	627147.392085659
III	3011454	3	627147.392085709
III	3012141	3	627147.392085759
III	3026675	3	627147.907527812
III	3031443	3	627147.907527862
III	3056294	3	627147.907527912
III	3219913	3	627148.417745869
III	3238184	3	627148.930610958
III	3253268	3	627148.930611008
III	3291621	3	627148.930611058
III	3376644	3	627149.443462775
III	3537343	3	627149.956314213
III	3544767	3	627149.956314263
III	3563774	3	627149.956314313
III	3566661	3	627149.956314363
III	3575434	3	627149.956314413
III	3614641	3	627150.469152387
III	3634575	3	627150.983142003
III	3636365	3	627151.282216937
III	3636635	3	627151.282216987
III	3651837	3	627151.581291884
III	3690834	3	627152.09526801
III	3718496	3	627152.608159527
III	3720049	3	627153.120997783
III	3723598	3	627153.120997833
III	3862425	3	627153.120997883
III	3899307	3	627153.633836244
III	3902911	3	627154.146741159
III	3933378	3	627154.659592518
III	3938197	3	627154.659592568
III	4013034	3	627154.659592618
III	4020398	3	627154.659592668
III	4020399	3	627154.659592718
III	4079215	3	627154.659592768
III	4087417	3	627154.955836821
III	4191288	3	627154.955836871
III	4217312	3	627154.955836921
III	4426456	3	627154.955836971
III	4445021	3	627154.955837021
III	4630515	3	627154.955837071
III	4631297	3	627154.955837121
III	4684648	3	627154.955837171
III	4687925	3	627154.955837221
III	4791837	3	627154.955837271
III	4809736	3	627154.955837855
III	5100520	3	627154.955837905
III	6863619	3	627155.251006587
III	8532900	3	627155.764965723
III	8547935	3	627155.764965773
III	9499432	3	627155.764965823
III	9501714	3	627155.764965873
III	9520859	3	627155.764965923
III	9620552	3	627155.764965973
III	9630542	3	627155.764966023
III	9784229	3	627155.764966073
III	9898826	3	627156.277791355
III	9924393	3	627156.277791405
III	9998374	3	627156.277791455
III	10008655	3	627156.277791505
III	10372606	3	627156.277791555
III	10588096	3	627156.791730854
III	10595663	3	627157.090835598
III	10597391	3	627157.090835648
III	10945626	3	627157.391016141
III	10947092	3	627157.691090223
III	10972909	3	627157.691090273
III	10989848	3	627157.990072725
III	10998900	3	627158.50404936
III	11081739	3	627159.016927455
III	11100388	3	627159.529805592
III	11217618	3	627160.042697153
III	11228179	3	627160.555535447
III	11236739	3	627160.555535497
III	11333845	3	627160.555535547
III	11340043	3	627160.555535597
III	11573988	3	627160.555535647
III	11587433	3	627160.555535697
III	11618204	3	627160.555535747
III	11719953	3	627161.068387462
III	11721173	3	627161.581238967
III	11729893	3	627161.581239017
III	11853945	3	627161.581239067
III	11860259	3	627161.581239117
III	11898153	3	627161.581239167
III	11976981	3	627161.581239217
III	11978179	3	627161.581239267
III	11996492	3	627161.581239317
III	11999278	3	627161.581239367
III	12019503	3	627161.581239417
III	12021201	3	627161.884767641
III	12021238	3	627162.191594038
III	12026200	3	627162.4951075
III	12064333	3	627162.800874943
III	12090790	3	627163.314812378
III	12097587	3	627163.827700708
III	12128882	3	627164.340538808
III	12142033	3	627164.340538858
III	12148621	3	627164.340538908
III	12156891	3	627164.340538958
III	12190350	3	627164.340539008
III	12222734	3	627164.340539058
III	12276140	3	627164.340539108
III	12284091	3	627164.340539158
III	12289386	3	627164.340539208
III	12303913	3	627164.853373883
III	12315988	3	627165.366278884
III	12382033	3	627165.879116902
III	12413300	3	627165.879116952
III	12488845	3	627165.879117002
III	12490001	3	627166.391299948
III	12493742	3	627166.391299998
III	12496493	3	627166.391300048
III	12514362	3	627166.391300098
III	12525955	3	627166.391300148
III	12541487	3	627166.391300198
III	12545485	3	627166.391300248
III	12561352	3	627166.391300298
III	12565691	3	627166.904157889
III	12569734	3	627167.415784765
III	12575989	3	627167.929725157
III	12576325	3	627168.234463336
III	12577993	3	627168.748786528
III	12582778	3	627169.053541249
III	12589660	3	627169.566802816
III	12602882	3	627169.566802866
III	12633967	3	627169.566802916
III	12650006	3	627169.566802966
III	12657095	3	627169.566803016
III	12662343	3	627170.07838679
III	12662344	3	627170.591244817
III	12665177	3	627170.591244867
III	12668091	3	627171.103438171
III	12680363	3	627171.103438221
III	12681079	3	627171.103438271
III	12696427	3	627171.103438321
III	12735171	3	627171.103438371
III	12750712	3	627171.616276829
III	12759709	3	627171.616276879
III	12777080	3	627171.616276929
III	12798202	3	627171.616276979
III	12802761	3	627171.616277029
III	12816686	3	627171.918791876
III	12818385	3	627172.433771443
III	12827680	3	627172.735236628
III	12837222	3	627173.249150685
III	12840463	3	627173.249150735
III	12846215	3	627173.249150785
III	12852069	3	627173.762018884
III	12855976	3	627174.274238301
III	12857288	3	627174.27423835
III	12868555	3	627174.274238401
III	12868721	3	627174.787520136
III	12892879	3	627175.0890014
III	12895052	3	627175.603994138
III	12918352	3	627175.90650863
III	12927053	3	627175.90650868
III	12933922	3	627175.90650873
III	12941014	3	627175.90650878
III	12954813	3	627175.90650883
III	12964421	3	627175.90650888
III	12970698	3	627176.420438741
III	12981790	3	627176.721348275
III	12999988	3	627176.721348325
III	13000735	3	627176.721348375
III	13004458	3	627177.02970525
III	13004646	3	627177.333193
III	13031162	3	627177.638974108
III	13049911	3	627178.152871292
III	13051792	3	627178.152871341
III	13057765	3	627178.152871392
III	13087297	3	627178.152871441
III	13106078	3	627178.152871492
III	13116105	3	627178.152871541
III	13144020	3	627178.665696889
III	13148879	3	627178.665696939
III	13158920	3	627178.665696989
III	13160255	3	627179.177887181
III	13160527	3	627179.177887231
III	13165833	3	627179.177887281
III	13176832	3	627179.690090594
III	13183431	3	627179.690090643
III	13196261	3	627179.690090694
III	13211327	3	627180.2040408
III	13219381	3	627180.500414659
III	13252480	3	627180.500414709
III	13255893	3	627180.500414759
III	13264721	3	627181.016960871
III	13267943	3	627181.315940549
III	13272509	3	627181.315940599
III	13282360	3	627181.315940649
III	13289738	3	627181.315940699
III	13299228	3	627181.315940749
III	13302432	3	627181.315940799
III	13324872	3	627181.828765698
III	13396185	3	627181.828765748
III	13403293	3	627181.828765798
III	13407677	3	627181.828765848
III	13411703	3	627181.828765898
III	13418099	3	627181.828765948
III	13428338	3	627181.828765998
III	13441246	3	627181.828766048
III	13452728	3	627181.828766098
III	13454786	3	627181.828766148
III	13462053	3	627181.828766198
III	13464865	3	627182.275202535
III	13470082	3	627182.786091325
III	13480278	3	627183.761803621
III	13486028	3	627183.761803671
III	13491697	3	627183.761803721
III	13504389	3	627183.761803771
III	13514304	3	627183.761803821
III	13517806	3	627184.065056239
III	13518432	3	627184.368586501
III	13522241	3	627184.672137202
III	13528359	3	627184.975681384
III	13539196	3	627184.975681435
III	13546287	3	627184.975681484
III	13556173	3	627184.975681535
III	13576694	3	627184.975681584
III	13590711	3	627184.975681635
III	13591932	3	627185.48850347
III	13598558	3	627185.48850352
III	13607806	3	627185.48850357
III	13615761	3	627185.48850362
III	13619642	3	627185.48850367
III	13697187	3	627186.001355124
III	13711059	3	627186.514208937
III	13756574	3	627186.514208987
III	13756869	3	627186.816734814
III	13765378	3	627187.331727414
III	13769911	3	627187.633195763
III	13803331	3	627188.147162756
III	13817381	3	627188.66005604
III	13817757	3	627188.66005609
III	13831363	3	627189.172949005
III	13837774	3	627189.172949055
III	13855735	3	627189.172949105
III	13864610	3	627189.685139287
III	13893695	3	627189.685139337
III	13898178	3	627189.685139387
III	13903082	3	627189.685139437
III	13918604	3	627189.685139487
III	13924147	3	627189.685139537
III	13925028	3	627189.685139587
III	13929826	3	627190.196694117
III	13936691	3	627190.196694167
III	13942925	3	627190.196694217
III	13954117	3	627190.708880938
III	13957136	3	627190.708880988
III	13957137	3	627190.708881038
III	13972045	3	627190.708881088
III	13974895	3	627190.708881138
III	13985764	3	627190.708881188
III	13986585	3	627191.222836456
III	13990476	3	627191.518120598
III	13990641	3	627191.518120648
III	13994534	3	627191.814493534
III	14059902	3	627191.814493584
III	14121799	3	627191.814493634
III	14125042	3	627191.814493684
III	14202997	3	627191.814493734
III	14209739	3	627191.814493784
III	14229146	3	627191.814493834
III	14250994	3	627191.814493884
III	14311848	3	627191.814493934
III	14317719	3	627191.814493984
III	14362395	3	627191.814494034
III	14463565	3	627191.814494084
III	14596468	3	627191.814494134
III	14612192	3	627192.074128056
IV	170366	4	46475.3246565159
IV	189707	4	46475.3246565659
IV	214228	4	46475.3246566159
IV	236389	4	46475.3246566659
IV	240477	4	46475.3246567159
IV	245888	4	46475.3246567659
IV	406414	4	46475.3246568159
IV	411139	4	46475.3246568659
IV	418829	4	46475.3246569159
IV	421498	4	46475.3246569659
IV	508943	4	46475.3246570159
IV	511411	4	46475.3246570659
IV	588566	4	46475.3246571159
IV	620595	4	46475.3246571659
IV	645592	4	46475.3246572159
IV	658298	4	46475.3246572659
IV	673102	4	46475.3246573159
IV	702022	4	46475.3246573659
IV	721296	4	46475.8374825743
IV	735546	4	46475.8374826243
IV	775043	4	46475.8374826743
IV	781327	4	46475.8374827243
IV	844079	4	46475.8374827743
IV	852279	4	46475.8374828243
IV	870468	4	46475.8374828743
IV	875173	4	46476.1338554298
IV	876312	4	46476.1338554798
IV	932470	4	46476.429126083
IV	1020384	4	46476.9431248348
IV	1029246	4	46477.4560195618
IV	1034443	4	46477.9682223586
IV	1038416	4	46477.9682224086
IV	1043400	4	46477.9682224586
IV	1058795	4	46478.4804155748
IV	1062803	4	46478.4804156248
IV	1076802	4	46478.4804156748
IV	1098320	4	46478.4804157248
IV	1125861	4	46478.4804157748
IV	1129060	4	46478.4804158248
IV	1133215	4	46478.4804158748
IV	1198859	4	46478.4804159248
IV	1220108	4	46478.9932952909
IV	1220940	4	46478.9932953409
IV	1319755	4	46479.506174708
IV	1326074	4	46479.506174758
IV	1339404	4	46479.506174808
IV	1340919	4	46479.506174858
IV	1342054	4	46479.506174908
IV	1344069	4	46479.506174958
IV	1345284	4	46479.506175008
IV	1349094	4	46479.506175058
IV	1356066	4	46479.506175108
IV	1415347	4	46479.506175158
IV	1486854	4	46480.0190001699
IV	1492448	4	46480.0190002199
IV	1502215	4	46480.0190002699
IV	1508841	4	46480.0190003199
IV	1602695	4	46480.0190003699
IV	1627523	4	46480.0190004199
IV	1638351	4	46480.0190004699
IV	1665588	4	46480.0190005199
IV	1671569	4	46480.0190005699
IV	1684156	4	46480.0190006199
IV	1696743	4	46480.0190006699
IV	1802021	4	46480.0190007199
IV	1805270	4	46480.0190007699
IV	1861128	4	46480.0190008199
IV	1878421	4	46480.5318261037
IV	1888727	4	46480.5318261537
IV	1922589	4	46480.5318262037
IV	2001023	4	46481.0446517588
IV	2006801	4	46481.0446518088
IV	2016932	4	46481.0446518588
IV	2040537	4	46481.5574900953
IV	2274716	4	46482.0714828668
IV	2274750	4	46482.3705578489
IV	2275572	4	46482.3705578989
IV	2515596	4	46482.6696461873
IV	2518605	4	46483.1835858511
IV	2519624	4	46483.1835859011
IV	2684248	4	46483.1835859511
IV	2862360	4	46483.6937249157
IV	2930254	4	46484.7411782129
IV	3015782	4	46485.2513564498
IV	3018603	4	46485.7642347309
IV	3090885	4	46486.2771295012
IV	3093306	4	46486.7893355514
IV	3158807	4	46486.7893356014
IV	3165799	4	46486.7893356514
IV	3166412	4	46487.3015386627
IV	3166855	4	46487.8144351635
IV	3166866	4	46488.3272721136
IV	3166947	4	46488.780410997
IV	3168194	4	46489.3115740694
IV	3172894	4	46490.25566193
IV	3176958	4	46490.7689536561
IV	3225356	4	46490.7689537061
IV	3230153	4	46490.7689537561
IV	3293453	4	46491.2194772712
IV	3299846	4	46491.7326988198
IV	3313316	4	46492.2455501061
IV	3331576	4	46492.2455501561
IV	3344687	4	46492.2455502061
IV	3362426	4	46492.2455502561
IV	3365608	4	46492.2455503061
IV	3393654	4	46492.2455503561
IV	3460720	4	46492.2455504061
IV	3490702	4	46492.2455504561
IV	3497643	4	46492.2455505061
IV	3543365	4	46492.2455505561
IV	3547967	4	46492.7583590032
IV	3610845	4	46492.7583590532
IV	3614232	4	46492.7583591032
IV	3620757	4	46492.7583591532
IV	3708253	4	46492.7583592032
IV	4171425	4	46493.2711845513
IV	4174945	4	46493.2711846013
IV	4318973	4	46493.2711846513
IV	4515624	4	46493.7840229445
IV	4728884	4	46494.2969275807
IV	4781855	4	46494.80982086
IV	4820159	4	46494.80982091
IV	5315589	4	46495.3227276116
IV	5648905	4	46495.8355789806
IV	5649507	4	46495.8355790306
IV	5853954	4	46495.8355790806
IV	6127335	4	46496.3485006428
IV	6129615	4	46496.3485006928
IV	6434090	4	46497.3903329573
IV	6435187	4	46497.3903330073
IV	6479158	4	46497.3903330573
IV	6598832	4	46497.9031584826
IV	6612278	4	46497.9031585326
IV	6660241	4	46497.9031585826
IV	6663128	4	46497.9031586326
IV	8927604	4	46497.9031586826
IV	10519689	4	46498.4160101888
IV	10576253	4	46498.9288616278
IV	10578651	4	46498.9288616778
IV	11455843	4	46498.9288617278
IV	11462477	4	46498.9288617778
IV	11555462	4	46498.9288618278
IV	11559971	4	46498.9288618778
IV	11761109	4	46498.9288619278
IV	11834499	4	46499.441686936
IV	11855155	4	46499.441686986
IV	11862871	4	46499.441687036
IV	12064231	4	46499.441687086
IV	12068161	4	46499.441687136
IV	12148961	4	46499.441687186
IV	12202076	4	46499.441687236
IV	12250089	4	46499.9545520475
IV	12260381	4	46500.4647699507
IV	12268218	4	46500.4647700007
IV	12296102	4	46500.4647700507
IV	12346536	4	46500.4647701007
IV	12352227	4	46500.4647701507
IV	12359610	4	46500.9802122671
IV	12361610	4	46500.9802123171
IV	12362542	4	46500.9802123671
IV	12407127	4	46500.9802124171
IV	12409447	4	46500.9802124671
IV	12500937	4	46501.4904166607
IV	12514116	4	46502.0033360508
IV	12522109	4	46502.0033361008
IV	12546627	4	46502.0033361508
IV	12548160	4	46502.0033362007
IV	12587410	4	46502.0033362507
IV	12590418	4	46502.0033363007
IV	12657630	4	46502.0033363507
IV	12660357	4	46502.0033364007
IV	12737066	4	46502.0033364507
IV	12779502	4	46502.0033365007
IV	12922988	4	46502.5188731394
IV	12926810	4	46503.0317509969
IV	13063368	4	46503.5446425566
IV	13203683	4	46504.0574808505
IV	13205248	4	46504.0574809005
IV	13300419	4	46504.0574809505
IV	13350514	4	46504.5703065067
IV	13354693	4	46504.5703065567
IV	13363536	4	46504.5703066067
IV	13399858	4	46505.0831450433
IV	13620325	4	46505.5933644022
IV	13727008	4	46506.6379071289
IV	13733839	4	46506.6379071789
IV	13796124	4	46506.6379072289
IV	13798259	4	46506.6379072789
IV	13819770	4	46506.6379073289
IV	13820680	4	46506.6379073789
IV	13824302	4	46506.6379074289
IV	13859833	4	46507.1507454462
IV	13879336	4	46507.6636371518
IV	13905181	4	46508.1738154566
IV	13938630	4	46509.2212551066
IV	13944204	4	46509.731394075
IV	13966565	4	46509.731394125
IV	13995149	4	46509.731394175
IV	14098429	4	46510.7759511125
IV	14104574	4	46511.2861569785
IV	14143923	4	46511.7990352584
IV	14145301	4	46512.3119268181
IV	14210128	4	46512.8247651131
IV	14210567	4	46512.8247651631
IV	14238280	4	46512.8247652131
IV	14312552	4	46513.3376035081
IV	14374829	4	46513.8504950678
IV	14406332	4	46514.3633731462
IV	14429624	4	46514.8773524965
IV	14431671	4	46515.1764272857
IV	14435730	4	46515.1764273357
IV	14675212	4	46515.4755021256
IV	14797334	4	46515.9894814751
IV	14834467	4	46516.5023761883
IV	14844219	4	46517.0145819605
IV	14845046	4	46517.0145820105
IV	14855373	4	46517.0145820605
IV	14880352	4	46517.0145821105
IV	14912039	4	46517.0145821605
IV	14939508	4	46517.5267877325
IV	14946870	4	46518.039695926
IV	14950410	4	46518.5525345596
IV	14965512	4	46518.5525346096
IV	15001527	4	46518.5525346596
IV	15006155	4	46518.5525347096
IV	15034875	4	46518.5525347596
IV	15036925	4	46518.5525348096
IV	15048680	4	46518.5525348596
IV	15077162	4	46519.0654277041
IV	15098397	4	46519.0654277541
IV	15114249	4	46519.578345012
IV	15119942	4	46519.578345062
IV	15127744	4	46519.8780694926
IV	15187583	4	46520.3941540688
IV	15191016	4	46520.4846047757
IV	15200405	4	46521.000666943
IV	15212364	4	46521.3023543145
IV	15212365	4	46521.8162734369
IV	15220388	4	46521.8162734869
IV	15249039	4	46521.8162735369
IV	15255592	4	46521.8162735869
IV	15279823	4	46521.8162736369
IV	15309128	4	46521.8162736869
IV	15325894	4	46522.8605011173
IV	15328573	4	46523.3706688769
IV	15331085	4	46523.3706689269
IV	15344604	4	46523.3706689769
IV	15348176	4	46523.3706690269
IV	15350536	4	46523.3706690769
IV	15448639	4	46523.8834940877
IV	15480432	4	46523.8834941377
IV	15480433	4	46523.8834941877
IV	15492390	4	46523.8834942377
IV	15508518	4	46523.8834942877
IV	15520301	4	46523.8834943377
IV	15646733	4	46524.925439881
IV	15647824	4	46524.925439931
IV	15647997	4	46525.4378672516
IV	15649003	4	46525.9507726332
IV	15650015	4	46525.9507726832
IV	15650215	4	46526.4630340675
IV	15680308	4	46526.9759285061
IV	15684471	4	46527.4888034705
IV	15692164	4	46528.0016815647
IV	15695901	4	46528.515679791
IV	15700177	4	46528.8110536043
IV	15707227	4	46528.8110536543
IV	15708932	4	46529.107554707
IV	15738254	4	46529.107554757
IV	15752717	4	46529.6204171202
IV	15754734	4	46529.6204171702
IV	15777697	4	46529.6204172202
IV	15781961	4	46530.1332429325
IV	15787837	4	46530.1332429825
IV	15803995	4	46530.1332430325
IV	15821234	4	46530.6460683827
IV	15856883	4	46530.6460684327
IV	15872815	4	46530.6460684827
IV	15926643	4	46530.6460685327
IV	15998259	4	46531.1589333958
IV	16024748	4	46531.6691413354
IV	16090760	4	46531.6691413854
IV	16098428	4	46531.6691414354
IV	16100826	4	46532.1845836958
IV	16103775	4	46532.1845837458
IV	16118311	4	46532.1845837958
IV	16124847	4	46532.6974223466
IV	16140783	4	46532.6974223966
IV	16165270	4	46532.6974224466
IV	16175943	4	46532.9938510732
IV	16178564	4	46532.9938511232
IV	16201242	4	46533.2917884923
IV	16208917	4	46533.2917885423
IV	16209993	4	46533.5927201131
IV	16210483	4	46534.0447980911
IV	16215717	4	46534.346369047
IV	16223036	4	46534.346369097
IV	16251440	4	46534.346369147
IV	16259001	4	46535.260874213
IV	16268189	4	46535.260874263
IV	16281933	4	46535.260874313
IV	16306381	4	46535.5664514574
IV	16310703	4	46535.808238402
IV	16321813	4	46536.1128970173
IV	16321886	4	46536.4150001364
IV	16339847	4	46536.4150001864
IV	16346939	4	46536.4150002364
IV	16349754	4	46536.7101410255
IV	16349897	4	46537.2260781674
IV	16353857	4	46537.2260810662
IV	16359724	4	46537.2260811162
IV	16362354	4	46537.304985416
IV	16364416	4	46537.8205231011
IV	16364417	4	46538.1162917991
IV	16365347	4	46538.1162918491
IV	16366490	4	46538.6272045222
IV	16390958	4	46538.6272045722
IV	16396765	4	46538.6272046222
IV	16399217	4	46538.6272046722
IV	16419282	4	46538.6272047222
IV	16441976	4	46538.6272047722
IV	16444605	4	46538.6272048222
IV	16447679	4	46538.6272048722
IV	16453016	4	46538.6272049222
IV	16496993	4	46538.6272049722
IV	16560775	4	46538.6272050222
IV	16576675	4	46538.6272050722
IV	16607287	4	46538.6272051222
IV	16656670	4	46538.6272051722
IV	16736498	4	46538.6272052222
IV	16745392	4	46538.6272052722
IV	16818082	4	46538.6272053222
IV	16925811	4	46538.6272053722
IV	16952167	4	46538.6272054222
IV	17075720	4	46538.6272054722
V	75488	5	274.530875538029
V	378585	5	274.790508223268
V	382991	5	274.790508273268
V	468664	5	274.790508323268
V	577646	5	275.300799453801
V	683886	5	276.317673894103
V	686033	5	276.872431874972
V	966546	5	277.934275455144
V	967464	5	277.934275505144
V	1041157	5	277.934275555144
V	1168610	5	278.449729202066
V	1189144	5	278.449729252066
V	1199791	5	278.449729302066
V	1206393	5	278.449729352066
V	1215978	5	278.449729402066
V	1315304	5	278.749600507869
V	1382885	5	279.264606914159
V	1405752	5	279.566033329828
V	1459165	5	280.080000834245
V	1463361	5	280.592844706869
V	1513237	5	280.592844756869
V	1521647	5	280.884910810756
V	1524777	5	280.884910860756
V	1529502	5	280.884910910756
V	1569588	5	280.884910960756
V	1586274	5	280.884911010756
V	1763601	5	280.884911060756
V	1764048	5	281.176982712804
V	1773379	5	281.176982762804
V	1785321	5	281.176982812804
V	1788582	5	281.176982862804
V	1827298	5	281.176982912804
V	1827649	5	281.176982962804
V	1853757	5	281.176983012804
V	1868918	5	281.176983062804
V	1890813	5	281.176983112804
V	1914529	5	281.176983162804
V	1918741	5	281.176983212804
V	1924225	5	281.176983262804
V	1946140	5	281.689173233066
V	1951280	5	281.689173283065
V	1957090	5	281.689173333066
V	1968676	5	282.200747144685
V	1983306	5	282.714704134006
V	1985080	5	283.019445057441
V	1987285	5	283.533130117091
V	1998743	5	283.837871048308
V	2068266	5	284.352913248553
V	2071707	5	284.651246732949
V	2079301	5	284.651246782949
V	2107068	5	284.651246832949
V	2114968	5	284.651246882949
V	2121578	5	284.651246932949
V	2122566	5	284.651246982949
V	2129894	5	284.651247032949
V	2137356	5	284.651247082949
V	2157103	5	284.651247132949
V	2158511	5	284.651247182949
V	2170419	5	284.651247232949
V	2172054	5	284.651247282949
V	2235071	5	284.950220866928
V	2236355	5	285.463528912102
V	2237712	5	285.463528962102
V	2239123	5	285.463529012102
V	2669079	5	285.975748773228
V	2681312	5	286.488603696322
V	2686204	5	286.488603746322
V	2697531	5	286.488603796322
V	2698857	5	286.488603846322
V	2726166	5	286.488603896322
V	2728924	5	286.488603946322
V	2755756	5	286.488603996322
V	2805046	5	287.002562198679
V	2805896	5	287.297960814967
V	2807224	5	287.297960864967
V	2843309	5	287.594447627693
V	2845862	5	287.594447677693
V	2936483	5	287.594447727693
V	2938567	5	287.594447777693
V	2962135	5	287.594447827693
V	2963363	5	287.594447877693
V	3092739	5	287.594447927693
V	3111172	5	288.109890012105
V	3147254	5	288.109890062105
V	3188786	5	288.109890112105
V	3218278	5	288.109890162105
V	3324111	5	288.109890212105
V	3340822	5	288.619468874854
V	3370021	5	289.133452670808
V	3371098	5	289.434920601182
V	3371485	5	289.949267879804
V	3375593	5	290.251785721605
V	3392367	5	290.251785771605
V	3414366	5	290.251785821605
V	3423861	5	290.251785871605
V	3471504	5	290.251785921605
V	3475942	5	290.76463961347
V	3476498	5	291.233265681145
V	3477467	5	292.207032049779
V	3478219	5	293.758930562028
V	3478826	5	294.200567347745
V	3483153	5	294.713463723668
V	3545948	5	295.226092635547
V	3554702	5	295.226092685547
V	3559882	5	295.226092735547
V	3563433	5	295.226092785547
V	3579907	5	295.226092835547
V	3592516	5	295.226092885547
V	3609243	5	295.226092935547
V	3614565	5	295.226092985547
V	3625909	5	295.226093035547
V	3634487	5	295.226093085547
V	3707937	5	295.226093135547
V	3732165	5	295.226093185547
V	3740270	5	295.226093235547
V	3742846	5	295.226093285547
V	3970309	5	295.226093335547
V	3984442	5	295.226093385547
V	3993305	5	295.226093435547
V	4011983	5	295.226093485547
V	4018823	5	295.226093535547
V	4020830	5	295.226093585547
V	4022031	5	295.226093635547
V	4032049	5	295.226093685547
V	4033492	5	295.226093735547
V	4044691	5	296.267476734428
V	4044823	5	296.267476784428
V	4044838	5	296.267476834428
V	4045522	5	296.777542528806
V	4045886	5	297.779753123793
V	4046266	5	297.779753173793
V	4049169	5	299.326926485107
V	4049702	5	300.29821411455
V	4049994	5	300.29821416455
V	4090857	5	301.272326297421
V	4097227	5	301.272326347421
V	4110565	5	301.272326397421
V	4111869	5	301.272326447421
V	4147741	5	301.272326497421
V	4155601	5	301.785151489294
V	4161164	5	301.785151539294
V	4193293	5	301.785151589294
V	4200669	5	301.785151639294
V	4202830	5	301.785151689294
V	4204225	5	302.29797683674
V	4209992	5	302.29797688674
V	4213915	5	302.29797693674
V	4239560	5	302.29797698674
V	4254330	5	302.29797703674
V	4254492	5	302.590176069185
V	4254731	5	302.590176119185
V	4292609	5	302.882374936816
V	4332345	5	302.882374986816
V	4334042	5	303.178652377665
V	4344638	5	303.178652427665
V	4349041	5	303.178652523506
V	4363387	5	303.178652573506
V	4365281	5	303.178652630235
V	4411491	5	303.178652680235
V	4436285	5	303.178652730235
V	4505582	5	303.178652780235
V	4507406	5	303.178652830235
V	4510835	5	303.178652880235
V	4511756	5	303.178652930235
V	4513979	5	303.178652980235
V	4528806	5	303.178653035451
V	4580140	5	303.178653085451
V	4586455	5	303.178653175386
V	4606167	5	303.178653225386
V	4611415	5	303.178653792339
V	4615173	5	303.178653842339
V	4650182	5	303.473842932585
V	4689211	5	303.987801965398
V	4715490	5	303.987802015398
V	4719053	5	303.987802065398
V	4731626	5	303.987802115398
V	4801518	5	303.987802165398
V	4815258	5	303.987802215398
V	4816858	5	303.987802265398
V	4835547	5	303.987802315398
V	4836932	5	303.987802365398
V	4846927	5	303.987802415398
V	4849529	5	303.987802465398
V	4856634	5	303.987802515398
V	4868893	5	304.288781689323
V	4870135	5	304.73705234171
V	4870794	5	305.038405235551
V	4882145	5	305.038405285552
V	4884938	5	305.038405335551
V	4887336	5	306.01059261966
V	4890612	5	306.01059266966
V	4901440	5	306.01059271966
V	4909175	5	306.01059276966
V	4911211	5	306.01059281966
V	4912563	5	306.313826452281
V	4912621	5	306.620667935601
V	4912681	5	306.924177378238
V	4915504	5	307.231025089272
V	4915595	5	307.533574455951
V	4915999	5	308.047924606473
V	4919734	5	308.350481065858
V	4929098	5	308.350481115858
V	4932794	5	308.350481165858
V	4939860	5	308.350481215858
V	4948152	5	308.350481265858
V	4951670	5	308.863023591539
V	4954729	5	309.37523994725
V	4954906	5	309.88544912533
V	4957291	5	310.930016088463
V	4996609	5	310.930016138463
V	5012874	5	310.930016188463
V	5053742	5	310.930016238463
V	5067834	5	310.930016288463
V	5071875	5	310.930016338463
V	5082791	5	310.930016388463
V	5139116	5	310.930016438463
V	5151527	5	310.930016488463
V	5172803	5	310.930016538462
V	5173394	5	311.223103470158
V	5173551	5	311.223103520158
V	5201973	5	311.516173302977
V	5213702	5	311.516173352977
V	5220308	5	312.490701344673
V	5221004	5	312.490701394673
V	5221078	5	313.468443283551
V	5246657	5	313.765080182475
V	5266033	5	313.765080232475
V	5312874	5	313.765080282475
V	5341446	5	313.765080332475
V	5346962	5	313.765080382475
V	5364199	5	313.765080432475
V	5379702	5	313.765080482475
V	5401573	5	313.765080532475
V	5407330	5	313.765080582475
V	5434881	5	313.765080632475
V	5451569	5	314.065094949822
V	5451987	5	314.367667718777
V	5452987	5	314.882660267813
V	5488499	5	315.185190428084
V	5509312	5	315.185190478084
V	5530344	5	315.185190528084
V	5563889	5	315.185190578084
V	5581300	5	315.185190628084
V	5587057	5	315.698083305231
V	5654088	5	315.69808335523
V	5662102	5	316.210976033105
V	5695789	5	316.210976083105
V	5695790	5	316.210976133105
V	5722514	5	316.210976183105
V	5779535	5	316.723774852102
V	5830230	5	316.723774902102
V	5865266	5	316.723774952102
V	5876156	5	316.723775002102
V	5884681	5	316.723775052102
V	5888865	5	316.723775102102
V	5893877	5	316.723775152102
V	6014593	5	316.723775202102
V	6019404	5	316.723775252102
V	6030463	5	316.723775302102
V	6034970	5	316.723775352102
V	6038369	5	316.723775402102
V	6368989	5	317.236600415276
V	6401331	5	317.236600465276
V	6415947	5	317.236600515276
V	6495040	5	317.236600565276
V	6499564	5	317.236600615276
V	6513632	5	317.236600665276
V	6527705	5	317.236600715276
V	6747875	5	317.236600765276
V	6757275	5	317.236600815276
V	6844830	5	317.236600865276
V	6847575	5	317.236600915276
V	6854684	5	317.236600965276
V	6856949	5	317.236601015276
V	6857236	5	317.236601065276
V	6858080	5	317.236601115276
V	6893567	5	317.236601165276
V	6897084	5	317.236601215276
V	6923750	5	317.236601265276
V	6930540	5	317.236601315276
V	6945754	5	317.236601365276
V	6948314	5	317.236601415276
V	7155017	5	317.236601465276
V	7166874	5	317.236601515276
V	7169957	5	317.236601565276
V	7209242	5	317.236601615276
V	7217036	5	317.236601665276
V	7289282	5	317.236601715276
V	7395282	5	317.236601765276
V	7411826	5	317.236601815276
V	7491015	5	317.749426978735
V	7510302	5	317.749427028735
V	7591312	5	317.749427078735
V	7597004	5	317.749427128735
V	7600282	5	317.749427178735
V	7603100	5	317.749427228735
V	7625779	5	317.749427278735
V	7625901	5	318.041604272194
V	7626211	5	318.041604322194
V	7654724	5	318.333781316257
V	7655854	5	318.333781366257
V	7659683	5	318.333781416257
V	7664412	5	318.333781466257
V	7722263	5	318.333781516257
V	7771645	5	318.846606683946
V	7789218	5	318.846606733946
V	7802049	5	318.846606783946
V	7807636	5	318.846606833946
V	7822312	5	318.846606883946
V	7896670	5	318.846606933946
V	7915038	5	318.846606983946
V	7927685	5	318.846607033946
V	7935403	5	318.846607083946
V	7969296	5	318.846607133946
V	7969734	5	318.846607183946
V	8190026	5	318.846607233946
V	8218441	5	318.846607283946
V	8348897	5	318.846607333946
V	8363228	5	318.846607383946
V	8615334	5	318.846607433946
V	8676331	5	318.846607483946
V	8953507	5	318.846607533946
V	8986557	5	318.846607583946
V	8998503	5	318.846607633946
V	9023691	5	318.846607683946
V	9124571	5	318.846607733946
V	9131581	5	318.846607783946
V	9173884	5	318.846607833946
V	9713649	5	319.359433181387
V	9719570	5	319.359433231387
V	9801101	5	319.359433281387
V	9898986	5	319.872271575284
V	10508401	5	320.385163134615
V	11129344	5	320.898054629266
V	11129345	5	321.410892648292
V	12076502	5	321.410892698292
V	12106923	5	321.410892748292
V	12576491	5	321.410892798292
V	13190816	5	321.92373081699
V	13365458	5	322.436622377841
V	13856833	5	322.949513938227
V	14101653	5	323.462351957155
V	14108353	5	323.462352007155
V	14255063	5	323.462352057155
V	14294102	5	323.462352107155
V	14296714	5	323.462352157155
V	14334690	5	323.462352207155
V	14339960	5	323.462352257155
V	14436784	5	323.462352307155
V	14468915	5	323.975190325457
V	14608454	5	324.488095031801
V	14656482	5	325.000987837307
V	14749406	5	325.000987887307
V	14753951	5	325.000987937307
V	14823979	5	325.000987987307
V	15005190	5	325.513865935572
V	15026996	5	325.513865985572
V	15645206	5	325.513866035572
V	15647216	5	325.513866085572
V	15652846	5	326.558407196793
V	15654462	5	327.068627010257
V	15656724	5	327.550623447593
V	15656931	5	327.550623497593
V	15671031	5	329.667851854959
V	15712714	5	329.667851904959
V	15739577	5	330.180857346172
V	15739954	5	330.180857396172
V	15827381	5	330.180857446172
V	15890079	5	330.693709178683
V	15926188	5	331.206560616298
V	15927229	5	331.206560666298
V	15980725	5	331.206560716298
V	16142394	5	331.206560766298
V	16196278	5	331.206560816298
V	16212423	5	332.17943339908
V	16214070	5	332.17943344908
V	16214370	5	332.625545001167
V	16231760	5	333.139498629604
V	16244851	5	333.444235331565
V	16245079	5	333.959187525008
V	16245432	5	334.263922505927
V	16250614	5	334.778917493667
V	16251720	5	335.083940537846
V	16251909	5	335.532487522574
V	16251962	5	335.835195355469
V	16284520	5	336.812686836455
V	16353203	5	336.812686886455
V	16359978	5	337.109391088523
V	16361046	5	337.109391138523
V	16428453	5	337.404952983863
V	16437726	5	337.918966883879
V	16437790	5	338.431172874026
V	16440670	5	338.431172924026
V	16446426	5	338.431172974026
V	16450434	5	338.943379023215
V	16532342	5	339.456287217069
V	16607603	5	339.969125233481
V	16608240	5	339.969125283481
V	16614529	5	339.969125333481
V	16620584	5	339.969125383481
V	16788743	5	339.969125433481
V	16798394	5	339.969125483481
V	16825271	5	339.969125533481
V	16832421	5	339.969125583481
V	16861142	5	340.481977021321
V	16863778	5	340.994828980553
V	16867918	5	340.994829030553
V	16884856	5	340.994829080553
V	16892267	5	340.994829130553
V	16912024	5	340.994829180553
V	16928140	5	341.967700470725
V	16928336	5	341.967700520725
V	16928947	5	342.41382544346
V	16969558	5	342.92668009541
V	16971190	5	342.92668014541
V	16974530	5	342.92668019541
V	17019435	5	343.439505663583
V	17031388	5	343.439505713583
V	17062643	5	343.439505763583
V	17066205	5	343.735878946845
V	17066788	5	343.735878996845
V	17126072	5	344.031150020102
V	17184583	5	344.545162192793
V	17187549	5	345.058000427925
V	17191134	5	345.058000477925
V	17275116	5	345.058000527925
V	17277876	5	345.57083895713
V	17279277	5	346.081216493259
V	17289210	5	347.094259105284
V	17290036	5	347.094259155284
V	17323592	5	348.107315461685
V	17328463	5	348.617639919178
V	17348787	5	348.617639969178
V	17375098	5	348.617640019178
V	17377627	5	348.916647658007
V	17378908	5	349.431680112737
V	17385345	5	349.73068775087
V	17397065	5	349.73068780087
V	17397104	5	349.73068785087
V	17401587	5	350.243509893164
V	17413962	5	350.243509943164
V	17421850	5	350.243509993164
V	17427800	5	350.243510043164
V	17428740	5	350.543803440601
V	17437534	5	351.524693374468
V	17438824	5	351.824265667496
V	17440404	5	352.272138585223
V	17440985	5	352.78503682856
V	17441311	5	353.297241348965
V	17441395	5	353.297241398965
V	17489038	5	353.297241448965
V	17492644	5	353.809434696733
V	17513868	5	353.809434746733
V	17546920	5	354.322259907314
V	17560694	5	354.322259957314
V	17566281	5	354.322260007314
V	17578491	5	354.322260057314
V	17683217	5	354.835085072364
V	17688323	5	354.835085122364
V	17690266	5	354.835085172364
V	17700492	5	354.835085222364
V	17717790	5	355.347910234348
V	17726949	5	355.347910284348
V	17732935	5	355.347910334348
V	17752311	5	355.347910384348
V	17765876	5	355.347910434348
V	17795397	5	355.860761873773
V	17862845	5	356.373613313184
V	17891356	5	356.373613363184
V	17941016	5	356.373613413184
V	17946696	5	356.373613463184
V	17954625	5	356.373613513184
V	17956910	5	356.373613563184
V	17966734	5	356.373613613184
V	17969810	5	356.373613663184
V	18045331	5	356.373613713184
V	18045379	5	356.885819619135
V	18052089	5	357.398714256342
V	18053092	5	357.911608893802
V	18055058	5	358.423814800813
V	18064340	5	358.423814850813
V	18066190	5	358.423814900813
V	18069780	5	358.423814950813
V	18082888	5	358.423815000813
V	18088172	5	358.423815050813
V	18098242	5	358.936694625058
V	18121527	5	358.936694675058
V	18141483	5	359.449587743719
V	18147185	5	359.962478958817
V	18178822	5	360.475370517845
V	18187845	5	360.988208811756
V	18189168	5	360.988208861756
V	18191923	5	360.988208911756
V	18201601	5	361.5010344677
V	18205331	5	361.5010345177
V	18237202	5	361.5010345677
V	18241466	5	362.013243976795
V	18248854	5	362.526141791782
V	18248862	5	363.038393901668
V	18249895	5	363.551718709904
V	18250765	5	363.853190231516
V	18250818	5	364.367553971538
V	18251142	5	364.670072354037
V	18253306	5	364.670072404037
V	18266044	5	364.670072454037
V	18269415	5	365.182910826896
V	18284890	5	365.695815580989
V	18339929	5	366.208691138455
V	18345965	5	366.208691188455
V	18346507	5	366.505192974551
V	18367224	5	366.505193024551
V	18500803	5	366.800580947139
V	18555758	5	367.314538925799
V	18557617	5	367.314538975799
V	18569385	5	367.314539025799
V	18573055	5	367.314539075799
V	18573451	5	367.314539125799
V	18577652	5	367.828478827494
V	18580227	5	368.127458619685
V	18583764	5	368.127458669685
V	18585856	5	368.127458719685
V	18587271	5	368.127458769685
V	18601381	5	368.426441809745
V	18601710	5	368.939746315105
V	18605664	5	368.939746365105
V	18613838	5	368.939746415106
V	18619443	5	369.451939544956
V	18625431	5	369.451939594956
V	18719099	5	369.451939644956
V	18719786	5	369.451939694956
V	18720748	5	369.451939744956
V	18740883	5	369.451939794956
V	18747521	5	369.451939844956
V	18781219	5	369.451939894956
V	18836688	5	369.965851161589
V	18838998	5	370.267809595804
V	18863583	5	370.783887133396
V	18877263	5	370.871064845477
V	18934584	5	371.388277550003
V	18954277	5	371.470420010737
V	18955132	5	371.470420060737
V	18981161	5	371.470420110737
V	19003440	5	371.470420160737
V	19114941	5	371.470420210737
V	19132189	5	371.470420260737
V	19142024	5	371.766164708799
V	19149156	5	372.280121183207
V	19153430	5	372.280121233207
V	19165482	5	372.280121283207
V	19178232	5	372.280121333207
V	19241552	5	372.280121383207
V	19250576	5	372.792960143055
V	19266274	5	372.792960193055
V	19397775	5	372.792960243055
V	19401820	5	373.085137850653
V	19402608	5	373.085137900653
V	19546908	5	373.377315470047
V	19562194	5	373.377315520047
V	19570554	5	373.377315570047
V	19573313	5	373.377315620047
V	19618580	5	373.377315670047
V	19628329	5	373.636949672176
X	22287	6	22287
X	25238	6	22287.2569883365
X	182762	6	22288.3015447768
X	228348	6	22288.3015448268
X	307444	6	22288.3015448768
X	336351	6	22288.3015449268
X	370535	6	22288.3015449768
X	387220	6	22288.3015450268
X	581490	6	22288.3015450768
X	590493	6	22288.3015451268
X	756064	6	22288.3015451768
X	768431	6	22288.3015452268
X	778282	6	22288.3015452768
X	785690	6	22288.3015453268
X	916807	6	22288.3015453768
X	931917	6	22288.3015454268
X	939669	6	22288.3015454768
X	941751	6	22288.3015455268
X	977929	6	22288.3015455768
X	991130	6	22288.3015456268
X	1057219	6	22288.3015456768
X	1094440	6	22288.3015457268
X	1104368	6	22288.3015457768
X	1105103	6	22288.3015458268
X	1160220	6	22288.3015458768
X	1161713	6	22288.3015459268
X	1239469	6	22288.3015459768
X	1252319	6	22288.3015460268
X	1259363	6	22288.3015460768
X	1266223	6	22288.3015461268
X	1293072	6	22288.3015461768
X	1310679	6	22288.3015462268
X	1317579	6	22288.3015462768
X	1329938	6	22288.3015463268
X	1336326	6	22288.3015463768
X	1342876	6	22288.3015464268
X	1351586	6	22288.3015464768
X	1443949	6	22288.3015465268
X	1461123	6	22288.814371877
X	1462020	6	22288.814371927
X	1462662	6	22288.814371977
X	1484238	6	22288.814372027
X	1497979	6	22288.814372077
X	1541642	6	22288.814372127
X	1561075	6	22288.814372177
X	1562195	6	22288.814372227
X	1590033	6	22288.814372277
X	1598906	6	22288.814372327
X	1603737	6	22288.814372377
X	1607296	6	22288.814372427
X	1624634	6	22288.814372477
X	1653262	6	22288.814372527
X	1658964	6	22288.814372577
X	1672144	6	22289.3272108121
X	1706496	6	22289.8411781894
X	1729206	6	22290.1426426851
X	1743949	6	22290.6576354264
X	1763665	6	22290.9601496924
X	1791581	6	22290.9601497424
X	1837316	6	22290.9601497924
X	1847417	6	22290.9601498424
X	1847418	6	22290.9601498924
X	1879272	6	22290.9601499424
X	1899708	6	22291.4729752248
X	1919760	6	22291.4729752748
X	1925520	6	22291.4729753248
X	1949997	6	22291.985813618
X	1951226	6	22292.4987186009
X	1960960	6	22293.0115566847
X	1972071	6	22293.0115567347
X	2012810	6	22293.0115567847
X	2017010	6	22293.0115568347
X	2018352	6	22293.0115568847
X	2023730	6	22293.0115569347
X	2028976	6	22293.0115569847
X	2032788	6	22293.0115570347
X	2052441	6	22293.0115570847
X	2058165	6	22293.0115571347
X	2060858	6	22293.315101698
X	2068934	6	22293.6186470415
X	2072348	6	22293.9222041846
X	2085479	6	22294.2251105632
X	2094897	6	22294.2251106132
X	2097839	6	22294.2251106632
X	2101350	6	22294.2251107132
X	2185812	6	22294.2251107632
X	2191284	6	22294.5234700861
X	2191687	6	22295.038512306
X	2197285	6	22295.3368717611
X	2215069	6	22295.3368718111
X	2219818	6	22295.3368718611
X	2221306	6	22295.6352403999
X	2221460	6	22296.150279335
X	2227670	6	22296.4492772377
X	2239339	6	22296.4492772877
X	2270296	6	22296.4492773377
X	2272874	6	22296.4492773877
X	2278038	6	22296.4492774377
X	2285556	6	22296.4492774877
X	2294622	6	22296.4492775377
X	2305586	6	22296.4492775877
X	2309942	6	22296.4492776377
X	2312814	6	22296.4492776877
X	2321249	6	22296.4492777377
X	2383477	6	22296.4492777877
X	2388197	6	22296.963217448
X	2412211	6	22297.2621977329
X	2430971	6	22297.2621977829
X	2475097	6	22297.5611780678
X	2538449	6	22298.0751177276
X	2542339	6	22298.0751177776
X	2572493	6	22298.0751178276
X	2606392	6	22298.0751178776
X	2644568	6	22298.0751179276
X	2677587	6	22298.0751179776
X	2677655	6	22298.5890318685
X	2679214	6	22298.8904757576
X	2681270	6	22299.4069999372
X	2693310	6	22299.4069999872
X	2697926	6	22299.4070000372
X	2704540	6	22299.4070000872
X	2709903	6	22299.4070001372
X	2722355	6	22299.7062504127
X	2729686	6	22300.221304614
X	2737736	6	22300.5227720803
X	2738987	6	22301.0371299023
X	2740757	6	22301.3396471117
X	2745466	6	22301.3396471617
X	2746078	6	22301.3396472117
X	2758454	6	22301.3396472617
X	2785976	6	22301.3396473117
X	2806036	6	22301.3396473617
X	2819947	6	22301.3396474117
X	2830627	6	22301.8524727586
X	2868607	6	22301.8524728086
X	2879653	6	22301.8524728586
X	2891768	6	22302.3652982056
X	2927735	6	22302.3652982556
X	2932931	6	22302.3652983056
X	2936572	6	22302.3652983556
X	2964792	6	22302.3652984056
X	2981661	6	22302.3652984556
X	2984789	6	22302.3652985056
X	2998009	6	22302.877514756
X	3002215	6	22303.3903825471
X	3008399	6	22303.3903825971
X	3013150	6	22303.3903826471
X	3017799	6	22303.3903826971
X	3044655	6	22303.3903827471
X	3059443	6	22303.3903827971
X	3063056	6	22303.6892584038
X	3070752	6	22304.2053682471
X	3150900	6	22304.2890832184
X	3174663	6	22305.3411905995
X	3177516	6	22305.3425295497
X	3216386	6	22305.3425295997
X	3236963	6	22305.3440637712
X	3238606	6	22305.6524615127
X	3239889	6	22305.9517922236
X	3260331	6	22306.2576160047
X	3262606	6	22306.7708807832
X	3276901	6	22306.7708808332
X	3308732	6	22306.7708808832
X	3314826	6	22306.7708809332
X	3329982	6	22306.7708809832
X	3332728	6	22307.2830896344
X	3334584	6	22307.7296239912
X	3345369	6	22308.2405054995
X	3350805	6	22309.214957336
X	3355356	6	22309.214957386
X	3359842	6	22309.214957436
X	3367848	6	22309.7286531213
X	3383293	6	22309.7286531713
X	3394807	6	22309.7286532213
X	3397020	6	22309.7286532713
X	3413090	6	22309.7286533213
X	3435103	6	22309.7286533713
X	3438962	6	22310.2414914206
X	3442659	6	22310.7543829011
X	3462341	6	22311.2698803814
X	3473337	6	22311.2698804314
X	3481526	6	22311.2698804814
X	3483351	6	22311.2698805314
X	3484040	6	22311.5689998785
X	3555185	6	22312.081390686
X	3555317	6	22312.3801699613
X	3617378	6	22312.3801700113
X	3627649	6	22312.3801700613
X	3638964	6	22312.3801701113
X	3643623	6	22312.3801701613
X	3648169	6	22313.4215489108
X	3656090	6	22313.4215489608
X	3662747	6	22313.4215490108
X	3742906	6	22313.4215490608
X	3757150	6	22313.4215491108
X	3765347	6	22313.4215491608
X	3800914	6	22313.4215492108
X	3817351	6	22313.4215492608
X	3817761	6	22313.4215493108
X	3822223	6	22313.4215493608
X	3823238	6	22313.4215494108
X	3825562	6	22313.9343712746
X	3826762	6	22313.9343713246
X	3838858	6	22313.9343713746
X	3858410	6	22313.9343714246
X	3860545	6	22313.9343714746
X	3861067	6	22313.9343715246
X	3874132	6	22313.9343715746
X	3875725	6	22313.9343716246
X	3879110	6	22314.3857813348
X	3880350	6	22314.8997124953
X	3882890	6	22314.8997125453
X	3891636	6	22314.8997125953
X	3912652	6	22315.8133749852
X	3979795	6	22315.8133750352
X	3980618	6	22315.8133750852
X	3988646	6	22316.114518435
X	3997301	6	22316.5681399981
X	4025896	6	22316.8689800122
X	4039880	6	22316.8689800622
X	4040743	6	22316.8689801122
X	4046860	6	22316.8689801622
X	4047084	6	22316.8689802122
X	4053574	6	22316.8689802622
X	4068421	6	22316.8689803122
X	4076700	6	22316.8689803622
X	4103644	6	22316.8689804122
X	4109541	6	22316.8689804622
X	4116132	6	22316.8689805122
X	4158915	6	22317.3829334346
X	4164149	6	22317.6793205802
X	4182407	6	22317.6793206302
X	4184717	6	22317.6793206802
X	4198687	6	22318.1958667854
X	4202010	6	22318.4948467796
X	4204752	6	22318.4948468296
X	4204857	6	22318.4948468796
X	4215921	6	22318.4948469296
X	4223157	6	22318.4948469796
X	4228087	6	22318.9425693848
X	4233159	6	22319.2456940537
X	4242467	6	22320.1588252538
X	4244612	6	22320.4592869533
X	4247943	6	22321.4373667738
X	4259470	6	22321.4373668238
X	4286414	6	22321.4373668738
X	4293318	6	22321.4373669238
X	4323471	6	22321.4373669738
X	4341023	6	22321.4373670238
X	4414387	6	22321.4373670738
X	4427354	6	22321.9495540711
X	4433966	6	22321.9495541211
X	4444609	6	22321.9495541711
X	4449661	6	22322.2495695581
X	4453882	6	22322.5574704107
X	4457789	6	22322.649877037
X	4460979	6	22322.9577498159
X	4463162	6	22323.2607836191
X	4474670	6	22323.7746947908
X	4480563	6	22323.7746948408
X	4485077	6	22323.7746948908
X	4491439	6	22323.7746949408
X	4509571	6	22323.7746949908
X	4525464	6	22323.7746950408
X	4526629	6	22323.7746950908
X	4527039	6	22324.0736988129
X	4541170	6	22324.5887312906
X	4546529	6	22324.8877383891
X	4552060	6	22324.8877384391
X	4552493	6	22324.8877384891
X	4553740	6	22325.3999284941
X	4597106	6	22325.3999285441
X	4626222	6	22325.9127833291
X	4636047	6	22326.4249993266
X	4638940	6	22326.4249993766
X	4639749	6	22326.4249994266
X	4645177	6	22326.4249994766
X	4649857	6	22326.4249995266
X	4666841	6	22326.4249995766
X	4670554	6	22326.7256536726
X	4673558	6	22327.0335511388
X	4675823	6	22327.1259805149
X	4676587	6	22327.4338530174
X	4680067	6	22327.7379411165
X	4693739	6	22328.0447860653
X	4693779	6	22328.3483171649
X	4695212	6	22328.655156787
X	4711128	6	22328.9587104938
X	4712645	6	22328.9587105438
X	4717690	6	22328.9587105938
X	4719373	6	22329.4709231531
X	4729960	6	22329.9831777411
X	4732064	6	22330.4960620729
X	4736398	6	22331.0083245039
X	4738854	6	22331.5205368327
X	4759153	6	22331.5205368827
X	4783201	6	22331.5205369327
X	4791518	6	22331.5205369827
X	4828097	6	22331.5205370327
X	4852880	6	22331.5205370827
X	4856123	6	22331.5205371327
X	4899601	6	22331.5205371827
X	4900416	6	22332.0333886061
X	4902254	6	22332.5462400296
X	4908243	6	22332.5462400796
X	4908462	6	22332.5462401296
X	4910067	6	22332.5462401796
X	4944838	6	22332.5462402296
X	4954178	6	22332.5462402796
X	4972802	6	22332.8420159623
X	4975714	6	22333.358181073
X	5006838	6	22333.4386559096
X	5015548	6	22333.4386559596
X	5017275	6	22333.4386560096
X	5023852	6	22333.7481500889
X	5024933	6	22333.8306799437
X	5036609	6	22334.1397430107
X	5060736	6	22334.2250311561
X	5091824	6	22334.2250312061
X	5111341	6	22334.2250338864
X	5115191	6	22334.5301396285
X	5122956	6	22334.8322362147
X	5138955	6	22334.8322362647
X	5152611	6	22334.8322363147
X	5234701	6	22335.1343038643
X	5248614	6	22335.4306705366
X	5252713	6	22335.4306705866
X	5255958	6	22335.727060151
X	5257182	6	22335.727060201
X	5269741	6	22335.727060251
X	5283328	6	22335.727060301
X	5291809	6	22335.727060351
X	5305483	6	22335.727060401
X	5339923	6	22335.727060451
X	5344846	6	22335.727060501
X	5346441	6	22335.727060551
X	5354675	6	22336.2392765317
X	5356337	6	22336.7521313323
X	5360937	6	22336.7521313823
X	5365224	6	22337.2643243552
X	5374162	6	22337.2643244052
X	5375086	6	22337.2643244552
X	5377816	6	22337.2643245052
X	5383605	6	22337.2643245552
X	5389395	6	22337.7771498854
X	5392269	6	22337.7771499354
X	5400133	6	22337.7771499854
X	5403008	6	22337.7771500354
X	5406267	6	22337.7771500854
X	5425418	6	22337.7771501354
X	5432718	6	22337.7771501854
X	5442861	6	22338.2893519605
X	5448844	6	22338.2893520105
X	5503826	6	22338.2893520605
X	5510105	6	22338.2893521105
X	5510995	6	22338.5890004823
X	5516866	6	22339.1044504733
X	5522249	6	22339.1958608908
X	5524771	6	22339.5005084612
X	5540063	6	22339.8039451283
X	5540820	6	22340.1075291689
X	5549871	6	22340.1075292189
X	5560720	6	22340.1075292689
X	5593630	6	22340.1075293189
X	5597372	6	22340.1075293689
X	5611815	6	22340.4033771303
X	5626759	6	22340.9184416566
X	5698102	6	22341.0005863309
X	5714553	6	22341.0005863809
X	5725808	6	22341.0868125078
X	5766085	6	22341.602936232
X	5784900	6	22341.9018325534
X	5789381	6	22341.9018326034
X	5791760	6	22341.9018326534
X	5793401	6	22342.3475555887
X	5794919	6	22342.3475556387
X	5837839	6	22342.3475556887
X	5848158	6	22342.3475557387
X	5891566	6	22343.3231719431
X	5941786	6	22343.8336813563
X	5943131	6	22343.8336814063
X	5945049	6	22343.8336814563
X	5958810	6	22343.8336815063
X	5962082	6	22343.8336815563
X	5965843	6	22343.8336816063
X	5972658	6	22343.8336816563
X	5975628	6	22343.8336817063
X	5983119	6	22343.8336817563
X	5984988	6	22343.8336818063
X	5990410	6	22343.8336818563
X	6015391	6	22343.8336819063
X	6016714	6	22343.8336819563
X	6018211	6	22344.1326886419
X	6020910	6	22344.6477211218
X	6050865	6	22344.9467277531
X	6062949	6	22344.9467278031
X	6067689	6	22344.9467278531
X	6075218	6	22344.9467279031
X	6093280	6	22344.9467279531
X	6093619	6	22345.2431006114
X	6096498	6	22345.2431006614
X	6104697	6	22345.5383712671
X	6113265	6	22346.0523700282
X	6114211	6	22346.5652464095
X	6114462	6	22347.0784748669
X	6118594	6	22347.524979273
X	6118750	6	22347.524979323
X	6128122	6	22348.5010633775
X	6128740	6	22349.0116268719
X	6147556	6	22349.5244616571
X	6192624	6	22349.5244617071
X	6201087	6	22349.5244617571
X	6203666	6	22349.5244618071
X	6205867	6	22349.5244618571
X	6211065	6	22349.5244619071
X	6212378	6	22349.5244619571
X	6224020	6	22349.5244620071
X	6224070	6	22349.5244620571
X	6240846	6	22349.5244621071
X	6246446	6	22349.5244621571
X	6247634	6	22349.5244622071
X	6251441	6	22349.5244622571
X	6263868	6	22349.5244623071
X	6266035	6	22349.826941784
X	6269883	6	22350.3419349316
X	6285209	6	22350.6410305042
X	6285882	6	22351.6224378152
X	6387069	6	22351.9251164444
X	6393965	6	22352.3740274257
X	6400425	6	22352.6790516512
X	6401624	6	22353.192357296
X	6478029	6	22353.7062976808
X	6480036	6	22354.012092127
X	6481296	6	22354.3119674978
X	6507512	6	22354.6195614185
X	6541233	6	22354.7022672509
X	6549381	6	22354.7022673009
X	6562845	6	22354.7767168834
X	6581553	6	22354.7767169334
X	6588511	6	22354.7767169834
X	6592209	6	22355.2948019994
X	6593445	6	22355.2948026952
X	6604373	6	22355.2948027452
X	6611275	6	22355.3700868509
X	6624073	6	22355.8862821283
X	6628410	6	22356.1819776203
X	6635276	6	22356.1819776703
X	6650715	6	22356.1819777203
X	6654659	6	22356.1819777703
X	6670251	6	22356.1819778203
X	6675471	6	22356.1819778703
X	6702972	6	22356.1819779203
X	6710210	6	22356.1819779703
X	6713510	6	22356.1819780203
X	6717208	6	22356.1819780703
X	6719894	6	22356.1819781203
X	6727587	6	22356.1819781703
X	6798075	6	22356.1819782203
X	6826425	6	22356.4783685574
X	6829611	6	22356.4783686074
X	6888910	6	22356.7747682806
X	6892749	6	22357.0710520866
X	6939275	6	22357.0710521366
X	6939276	6	22357.0710521866
X	6954121	6	22357.0710522366
X	7032214	6	22357.3673278241
X	7065688	6	22357.3673278741
X	7065689	6	22357.3673279241
X	7072065	6	22357.3673279741
X	7080803	6	22357.3673280241
X	7092113	6	22357.3673280741
X	7093932	6	22357.3673281241
X	7103756	6	22357.3673281741
X	7108936	6	22357.3673282241
X	7157233	6	22357.3673282741
X	7171517	6	22357.3673283241
X	7193936	6	22357.3673283741
X	7220470	6	22357.3673284241
X	7237108	6	22357.3673284741
X	7252064	6	22357.3673285241
X	7260340	6	22357.3673285741
X	7295563	6	22357.3673286241
X	7306681	6	22357.3673286741
X	7311868	6	22357.3673287241
X	7322907	6	22357.3673287741
X	7330342	6	22357.3673288241
X	7330932	6	22357.8795183249
X	7331885	6	22357.8795183749
X	7336315	6	22357.8795184249
X	7363761	6	22357.8795184749
X	7516978	6	22357.8795185249
X	7601613	6	22357.8795185749
X	7604118	6	22357.8795186249
X	7609710	6	22358.3910734983
X	7610719	6	22358.3910735483
X	7866197	6	22358.3910735983
X	7924476	6	22358.6939800333
X	7930999	6	22358.9975371886
X	7933557	6	22359.3010829306
X	7938486	6	22359.6046274902
X	7952673	6	22359.6046275402
X	7954516	6	22359.6046275902
X	8005825	6	22359.6046276402
X	8015339	6	22359.6046276902
X	8040715	6	22359.6046277402
X	8042009	6	22359.6046277902
X	8067778	6	22359.6046278402
X	8071211	6	22359.6046278902
X	8093275	6	22359.6046279402
X	8097206	6	22360.1168181683
X	8098596	6	22360.1168182183
X	8130392	6	22360.1168182683
X	8161933	6	22360.4157483251
X	8257128	6	22360.9318555367
X	8305027	6	22361.0186836671
X	8314921	6	22361.5348011042
X	8327703	6	22361.8317249384
X	8383537	6	22361.8317249884
X	8393246	6	22361.8317250384
X	8429584	6	22361.8317250884
X	8438526	6	22361.8317251384
X	8440765	6	22361.8317251884
X	8556653	6	22361.8317252384
X	8672201	6	22361.8317252884
X	8741864	6	22361.8317253384
X	8779545	6	22361.8317253884
X	8822483	6	22361.8317254384
X	8836443	6	22361.8317254884
X	8874751	6	22361.8317255384
X	8908299	6	22361.8317255884
X	8996734	6	22361.8317256384
X	9060532	6	22361.8317256884
X	9104849	6	22361.8317257384
X	9133567	6	22361.8317257884
X	9187607	6	22361.8317258384
X	9204092	6	22361.8317258884
X	9221914	6	22361.8317259384
X	9235034	6	22361.8317259884
X	9237684	6	22361.8317260384
X	9244024	6	22361.8317260884
X	9298739	6	22361.8317261384
X	9361159	6	22362.347179454
X	9368924	6	22362.347179504
X	9371467	6	22362.347179554
X	9396014	6	22362.347179604
X	9416662	6	22362.347179654
X	9456926	6	22362.347179704
X	9461948	6	22362.347179754
X	9478297	6	22362.347179804
X	9516742	6	22362.347179854
X	9574326	6	22362.347179904
X	9642460	6	22362.347179954
X	9648701	6	22362.347180004
X	9681236	6	22362.347180054
X	9683991	6	22362.347180104
X	9740540	6	22362.347180154
X	9771582	6	22362.347180204
X	9798143	6	22362.347180254
X	9808701	6	22362.347180304
X	9813798	6	22362.347180354
X	9817818	6	22362.347180404
X	9819612	6	22362.347180454
X	9834066	6	22362.347180504
X	9915190	6	22362.347180554
X	9924330	6	22362.347180604
X	9975999	6	22362.347180654
X	9976959	6	22362.347180704
X	9987624	6	22362.347180754
X	10059874	6	22362.347180804
X	10062474	6	22362.347180854
X	10070954	6	22362.347180904
X	10141723	6	22362.347180954
X	10143979	6	22362.6461874944
X	10156074	6	22363.1612231501
X	10181015	6	22363.4602296905
X	10331392	6	22363.4602297405
X	10364745	6	22363.4602297905
X	10392671	6	22363.4602298405
X	10424203	6	22363.4602298905
X	10520336	6	22363.4602299405
X	10550275	6	22363.4602299905
X	10676314	6	22363.4602300405
X	10751394	6	22363.4602300905
X	10768230	6	22363.4602301405
X	10818438	6	22363.4602301905
X	11113486	6	22363.4602302405
X	11127774	6	22363.4602302905
X	11582181	6	22363.4602303405
X	11599514	6	22363.4602303905
X	11606706	6	22363.4602304405
X	11609033	6	22363.4602304905
X	11632667	6	22363.4602305405
X	11639349	6	22363.4602305905
X	11651095	6	22363.4602306405
X	11660529	6	22363.4602306905
X	11681703	6	22363.4602307405
X	11706478	6	22363.4602307905
X	11844850	6	22363.4602308405
X	12009704	6	22363.4602308905
X	12058153	6	22363.4602309405
X	12059367	6	22363.4602309905
X	12060218	6	22363.759259032
X	12061864	6	22364.2736561228
X	12080379	6	22364.5726918444
X	12173873	6	22364.5726918944
X	12176586	6	22364.5726919444
X	12395778	6	22364.5726919944
X	12501012	6	22364.5726920444
X	12517029	6	22364.5726920944
X	12529117	6	22364.5726921444
X	12562888	6	22364.5726921944
X	12570073	6	22364.5726922444
X	12649405	6	22364.5726922944
X	12779379	6	22364.5726923444
X	12970715	6	22364.5726923944
X	12981332	6	22364.5726924444
X	13032207	6	22364.5726924944
X	13173402	6	22364.8640919757
X	13208286	6	22364.8640920257
X	13271672	6	22364.8640920757
X	13419973	6	22364.8640921257
X	13427216	6	22364.8640921757
X	13631597	6	22364.8640922257
X	13681637	6	22365.1554935035
X	13693306	6	22365.1554935535
X	13779716	6	22365.1554936035
X	13870267	6	22365.450609738
X	13996873	6	22365.9671896596
X	14006043	6	22365.9671908596
X	14049288	6	22365.9671909096
X	14149957	6	22366.0466605705
X	14168958	6	22366.5639052281
X	14186268	6	22366.6475130182
X	14276064	6	22367.1651498541
X	14289993	6	22367.1651499041
X	14304546	6	22367.1651499541
X	14314771	6	22367.4614107788
X	14333978	6	22367.9753776094
X	14335848	6	22367.9753776594
X	14339746	6	22367.9753777094
X	14340274	6	22368.2789757242
X	14341180	6	22368.5793332266
X	14341241	6	22368.8844685066
X	14344388	6	22368.8844685566
X	14493964	6	22368.8844686066
X	14506787	6	22368.8844686566
X	14671106	6	22369.4010036432
X	14715968	6	22369.7013671928
X	14784197	6	22369.7013672428
X	14817009	6	22369.7013672928
X	14818761	6	22369.7013673428
X	14833417	6	22369.7013673928
X	14839036	6	22369.7013674428
X	14845501	6	22369.7013674928
X	14847141	6	22369.7013675428
X	14880898	6	22369.7013675928
X	14973129	6	22369.7013676428
X	14980068	6	22369.7013676928
X	15071101	6	22369.7013677428
X	15089469	6	22369.7013677928
X	15098262	6	22369.7013678428
X	15103528	6	22369.7013678928
X	15104238	6	22369.7013679428
X	15106487	6	22369.7013679928
X	15114211	6	22369.7013680428
X	15124210	6	22369.7013680928
X	15202574	6	22369.7013681428
X	15211829	6	22369.7013681928
X	15324120	6	22370.2129488648
X	15407438	6	22370.7258199087
X	15521187	6	22370.7258199587
X	15532242	6	22370.7258200087
X	15542461	6	22370.7258200587
X	15555628	6	22370.7258201087
X	15626295	6	22370.7258201587
X	15630161	6	22370.7258202087
X	15746210	6	22370.7258202587
X	15789716	6	22371.2373677464
X	15795276	6	22371.2373677964
X	15802503	6	22371.2373678464
X	15852982	6	22371.2373678964
X	15910550	6	22371.2373679464
X	16032086	6	22371.2373679964
X	16081307	6	22371.2373680464
X	16111043	6	22371.7495839007
X	16123230	6	22372.2624385676
X	16123324	6	22372.2624386176
X	16126737	6	22372.2624386676
X	16137523	6	22372.2624387176
X	16141592	6	22372.2624387676
X	16145051	6	22372.2624388176
X	16170437	6	22372.2624388676
X	16182231	6	22372.2624389176
X	16184810	6	22372.2624389676
X	16209108	6	22372.2624390176
X	16284021	6	22372.2624390677
X	16289955	6	22372.2624391176
X	16367841	6	22372.2624391676
X	16436671	6	22372.2624392176
X	16526848	6	22372.2624392676
X	16536222	6	22372.2624393176
X	16545654	6	22372.2624393676
X	16549815	6	22372.5614672096
X	16556052	6	22373.0758702804
X	16572569	6	22373.374905731
X	16669652	6	22373.374905781
X	16757055	6	22373.374905831
X	16766832	6	22373.374905881
X	16769075	6	22373.374905931
X	16786014	6	22373.374905981
X	16813181	6	22373.374906031
X	16822338	6	22373.374906081
X	16826328	6	22373.374906131
X	16832714	6	22373.374906181
X	16836633	6	22373.374906231
X	16849362	6	22373.374906281
X	16852526	6	22373.374906331
X	16856060	6	22373.374906381
X	16879732	6	22373.374906431
X	16903568	6	22373.374906481
X	16938125	6	22373.374906531
X	16945683	6	22373.374906581
X	17017139	6	22373.8864732287
X	17027491	6	22374.3993446228
X	17047013	6	22374.3993446728
X	17093495	6	22374.3993447228
X	17099823	6	22374.7010618962
X	17101272	6	22374.7010619462
X	17118019	6	22375.0002053405
X	17136984	6	22375.5119525848
X	17162601	6	22375.5119526348
X	17183878	6	22375.5119526848
X	17233026	6	22375.5119527348
X	17245438	6	22375.5119527848
X	17251246	6	22375.5119528348
X	17252723	6	22375.5119528848
X	17272158	6	22375.5119529348
X	17274195	6	22375.5119529848
X	17278212	6	22375.5119530348
X	17278997	6	22376.0247747671
X	17284419	6	22376.0247748171
X	17289930	6	22376.0247748671
X	17294760	6	22376.0247749171
X	17390066	6	22376.0247749671
X	17582078	6	22376.0247750171
X	17642311	6	22376.0247750671
X	17644425	6	22376.0247751171
X	17655681	6	22376.0247751671
X	17656232	6	22376.0247752171
X	17661568	6	22376.0247752671
X	17669839	6	22376.0247753171
X	17705226	6	22376.0247753671
X	17712252	6	22376.0247754171
X	17724036	6	22376.0247754671
X	17726109	6	22376.0247755171
X	17730330	6	22376.0247755671
X	17734581	6	22376.5376007596
X	17746346	6	22376.5376008096
X	17750619	6	22376.5376008596
X	17763653	6	22376.8297779383
X	17764569	6	22376.8297779883
X	17924236	6	22377.1219550944
X	17928407	6	22377.1219551444
X	17950715	6	22377.1219551944
X	18011967	6	22377.1219552444
X	18042611	6	22377.1219552944
X	18070936	6	22377.1219553444
X	18234529	6	22377.1219553944
X	18240041	6	22377.1219554444
X	18243223	6	22377.1219554944
X	18265674	6	22377.1219555444
X	18280261	6	22377.1219555944
X	18318538	6	22377.6347807579
X	18328421	6	22377.6347808079
X	18331761	6	22377.6347808579
X	18341436	6	22377.6347809079
X	18361500	6	22377.6347809579
X	18436035	6	22377.6347810079
X	18510860	6	22377.6347810579
X	18518948	6	22377.6347811079
X	18534765	6	22377.6347811579
X	18558136	6	22377.6347812079
X	18580143	6	22377.6347812579
X	18608024	6	22377.6347813079
X	18652861	6	22377.6347813579
X	18657700	6	22378.1476193752
X	18663685	6	22378.6605109357
X	18730149	6	22379.1734057198
X	18734225	6	22379.6856089405
X	18737555	6	22379.6856089905
X	18801222	6	22379.6856090405
X	18804661	6	22379.9839801687
X	18848446	6	22380.4990191239
X	18850304	6	22380.7980136253
X	18878853	6	22380.7980136753
X	18885543	6	22380.7980137253
X	18886703	6	22380.7980137753
X	18892985	6	22380.7980138253
X	18898129	6	22380.7980138753
X	18944462	6	22380.7980139253
X	18977995	6	22380.7980139753
X	19045506	6	22380.7980140253
X	19142198	6	22381.3119726691
X	19264778	6	22381.607243432
X	19266117	6	22381.607243482
X	19268839	6	22381.9029762356
X	19284674	6	22381.9029762856
X	19290995	6	22381.9029763356
X	19296192	6	22381.9029763856
X	19323217	6	22381.9029764356
X	19375998	6	22382.4151633719
X	19386710	6	22382.4151634219
X	19388867	6	22382.4151634719
X	19394830	6	22382.4151635219
X	19398575	6	22382.4151635719
X	19400336	6	22382.415163622
X	19411178	6	22382.415163672
X	19411951	6	22382.7527985262
X	19415549	6	22383.2814987852
X	19417213	6	22383.6046475924
X	19433399	6	22383.6046476424
X	19438777	6	22383.6046476924
X	19460502	6	22383.6046477424
X	19468862	6	22383.6046477924
X	19471150	6	22383.6046478424
X	19497083	6	22383.6046478924
X	19498207	6	22383.6046479424
X	19530499	6	22384.1168528447
X	19533272	6	22384.1168528947
X	19533304	6	22384.1168529447
X	19539257	6	22384.1168529947
X	19573502	6	22384.1168530447
X	19581291	6	22384.1168530947
X	19618911	6	22384.1168531447
X	19621445	6	22384.1168531947
X	19627965	6	22384.1168532447
X	19628179	6	22384.4193850049
X	19630616	6	22384.933748507
X	19631237	6	22385.2362968114
X	19631775	6	22385.5389246812
X	19640944	6	22386.0532904013
X	19645948	6	22386.3552983032
X	19658065	6	22386.3552983532
X	19693539	6	22386.8692925362
X	19819623	6	22387.1650529736
X	19840944	6	22387.1650530236
X	19886654	6	22387.1650530736
X	19892355	6	22387.1650531236
X	19898550	6	22387.1650531736
X	19905106	6	22387.6809695907
X	19917338	6	22387.9793287804
X	20063411	6	22387.9793288304
X	20065020	6	22387.9793288804
X	20065845	6	22388.1313602341
X	20067971	6	22388.4375097184
X	20078896	6	22388.5891846396
X	20079734	6	22388.8236579542
X	20081513	6	22389.1258638679
X	20083144	6	22390.0222641213
X	20114233	6	22390.0222641713
X	20115159	6	22390.0222642213
X	20117437	6	22390.3241320425
X	20117770	6	22390.7669049057
X	20247329	6	22391.0673892922
X	20290269	6	22391.0673893422
X	20297614	6	22391.0673893922
X	20336808	6	22391.0673894422
X	20340342	6	22391.0673894922
X	20346082	6	22391.5789444962
X	20346664	6	22391.5789445462
X	20357854	6	22391.5789445962
X	20362071	6	22392.0911344229
X	20367546	6	22392.091134473
X	20386805	6	22392.091134523
X	20408671	6	22392.091134573
X	20460418	6	22392.091134623
X	20463642	6	22392.091134673
X	20541494	6	22392.091134723
X	20543359	6	22392.091134773
X	20547970	6	22392.0911348229
X	20549647	6	22392.6033438997
X	20550804	6	22393.1172944883
X	20553132	6	22393.422032641
X	20553470	6	22393.9363526279
X	20557675	6	22394.2411041399
X	20560481	6	22394.7549980252
X	20565119	6	22394.7549980752
X	20568040	6	22394.7549981252
X	20574056	6	22394.7549981752
X	20574645	6	22394.7549982252
X	20579981	6	22394.7549982752
X	20586790	6	22394.7549983252
X	20588979	6	22394.7549983752
X	20597820	6	22394.7549984252
X	20598319	6	22394.7549984752
X	20623504	6	22394.7549985252
X	20757140	6	22394.7549985752
X	20781869	6	22394.7549986252
X	20788784	6	22394.7549986752
X	20791471	6	22394.7549987252
X	20793754	6	22394.7549987752
X	20854162	6	22394.7549988252
X	20896431	6	22394.7549988752
X	20918275	6	22395.2672111508
X	20918887	6	22395.7794469126
X	20928657	6	22395.7794469626
X	20942607	6	22395.7794470126
X	20948701	6	22396.2916693681
X	20958413	6	22396.8039352921
X	20961258	6	22397.3161446322
X	20963232	6	22397.3161446822
X	20963946	6	22397.3161447322
X	20967633	6	22397.829457817
X	21026429	6	22398.1274018513
X	21101700	6	22398.1274019013
X	21118565	6	22398.1274019513
X	21160184	6	22398.1274020013
X	21178761	6	22398.1274020513
X	21180033	6	22398.4368627347
X	21180811	6	22398.5226054129
X	21203107	6	22398.8316414788
X	21204354	6	22398.9169803107
X	21209014	6	22398.9169803607
X	21215062	6	22398.9169811149
X	21216265	6	22399.222100915
X	21217263	6	22399.5226713246
X	21219903	6	22399.8262451443
X	21226031	6	22399.8262451943
X	21226032	6	22399.8262452443
X	21272705	6	22399.8262452943
X	21273230	6	22399.8262453443
X	21278362	6	22399.8262453943
X	21282910	6	22399.8262454443
X	21297415	6	22399.8262454943
X	21301636	6	22399.8262455443
X	21302865	6	22399.8262455943
X	21311289	6	22399.8262456443
X	21316505	6	22399.8262456943
X	21316527	6	22400.3416957799
X	21318273	6	22400.3416958299
X	21327059	6	22400.3416958799
X	21328797	6	22400.638056974
X	21332334	6	22401.1531031302
X	21350199	6	22401.45207212
X	21353554	6	22401.45207217
X	21367195	6	22401.45207222
X	21367696	6	22401.45207227
X	21379572	6	22401.45207232
X	21386997	6	22401.45207237
X	21389018	6	22401.45207242
X	21389019	6	22401.9648974272
X	21403193	6	22401.9648974772
X	21403704	6	22401.9648975272
X	21466971	6	22401.9648975772
X	21574918	6	22401.9648976272
X	21579241	6	22401.9648976772
X	21583213	6	22401.9648977272
X	21606734	6	22401.9648977772
X	21613916	6	22401.9648978272
X	21624025	6	22401.9648978772
X	21626226	6	22401.9648979272
X	21628899	6	22401.9648979772
X	21630974	6	22401.9648980272
X	21640340	6	22401.9648980772
X	21643869	6	22401.9648981272
X	21652035	6	22401.9648981772
X	21836497	6	22401.9648982272
X	21875218	6	22401.9648982772
X	21977578	6	22401.9648983272
X	21989921	6	22401.9648983772
X	22026026	6	22403.009441198
X	22028262	6	22403.5169744182
X	22031504	6	22404.5616367279
X	22031837	6	22404.5616367779
X	22033288	6	22405.0323331436
X	22033759	6	22405.0323331936
X	22039569	6	22406.5750042837
X	22043235	6	22406.5750043337
X	22069372	6	22407.0879797185
X	22070238	6	22407.600870677
X	22071481	6	22408.1082917113
X	22135532	6	22409.7076331193
X	22151058	6	22410.2150541536
X	22160490	6	22410.7279460065
X	22160685	6	22410.9875929628
